Latitude: 17.16103  Longitude: -97.03919
X & Y on Lambert Conformal Conic: 330336.21 -2764435.59
Tile: 9582
Elevation: 2237 meters
All years; all variables; Daymet Software Version 4.0
How to cite: Thornton; M.M.; R. Shrestha; Y. Wei; P.E. Thornton; S-C. Kao; and B.E. Wilson. 2022. Daymet: Daily Surface Weather Data on a 1-km Grid for North America; Version 4 R1. ORNL DAAC; Oak Ridge; Tennessee; USA. https://doi.org/10.3334/ORNLDAAC/2129
year,yday,tmax (deg c),tmin (deg c)
2015,213,26.16,10.56
2015,214,26.86,9.70
2015,215,28.43,9.40
2015,216,27.97,10.14
2015,217,27.22,10.96
2015,218,27.34,11.43
2015,219,28.02,10.83
2015,220,27.83,11.01
2015,221,29.95,9.66
2015,222,29.03,10.38
2015,223,28.77,10.01
2015,224,25.91,10.86
2015,225,23.23,11.27
2015,226,24.70,11.66
2015,227,26.04,9.98
2015,228,28.59,9.13
2015,229,25.82,12.14
2015,230,25.91,12.54
2015,231,27.10,12.49
2015,232,27.92,11.41
2015,233,26.39,12.83
2015,234,24.83,11.61
2015,235,26.03,10.83
2015,236,25.79,11.31
2015,237,27.77,9.98
2015,238,25.52,11.35
2015,239,24.38,11.32
2015,240,24.70,11.25
2015,241,24.34,11.29
2015,242,25.50,11.96
2015,243,24.99,12.10
2015,244,26.37,11.86
2015,245,26.33,12.12
2015,246,25.93,12.77
2015,247,25.39,11.98
2015,248,24.64,11.72
2015,249,24.80,11.88
2015,250,25.31,11.97
2015,251,25.90,11.15
2015,252,24.95,10.76
2015,253,26.91,9.70
2015,254,26.63,10.08
2015,255,26.47,11.52
2015,256,25.25,12.78
2015,257,27.15,13.47
2015,258,25.20,13.22
2015,259,24.88,13.67
2015,260,24.98,13.10
2015,261,24.54,12.41
2015,262,26.53,10.42
2015,263,26.99,10.25
2015,264,26.08,12.51
2015,265,25.91,11.97
2015,266,25.23,10.69
2015,267,26.98,10.12
2015,268,26.11,10.83
2015,269,23.59,12.81
2015,270,21.79,12.27
2015,271,23.52,11.03
2015,272,23.60,12.37
2015,273,23.41,13.53
2015,274,22.36,11.88
2015,275,25.34,9.47
2015,276,24.66,7.84
2015,277,27.24,5.13
2015,278,25.14,10.09
2015,279,27.63,9.57
2015,280,27.28,6.67
2015,281,28.37,6.41
2015,282,27.71,8.99
2015,283,27.82,8.32
2015,284,25.15,10.81
2015,285,26.41,11.48
2015,286,26.69,10.90
2015,287,28.48,9.51
2015,288,25.12,10.37
2015,289,26.33,9.70
2015,290,25.27,11.02
2015,291,22.50,12.70
2015,292,21.67,12.19
2015,293,23.10,10.89
2015,294,26.15,10.07
2015,295,24.62,11.55
2015,296,25.03,13.42
2015,297,26.46,11.75
2015,298,26.01,11.50
2015,299,25.61,11.37
2015,300,23.78,12.31
2015,301,27.08,12.05
2015,302,25.88,11.39
2015,303,26.45,11.72
2015,304,24.72,12.01
2015,305,25.65,11.81
2015,306,26.06,11.05
2015,307,26.16,10.81
2015,308,26.61,10.88
2015,309,27.80,8.08
2015,310,26.54,8.01
2015,311,25.16,10.62
2015,312,26.57,10.83
2015,313,25.80,11.97
2015,314,25.88,11.15
2015,315,25.87,11.45
2015,316,29.09,8.64
2015,317,26.24,9.72
2015,318,24.01,12.42
2015,319,23.29,11.24
2015,320,23.25,11.80
2015,321,27.47,10.21
2015,322,26.29,10.53
2015,323,28.43,10.36
2015,324,24.45,10.55
2015,325,25.71,10.86
2015,326,26.46,11.48
2015,327,21.67,11.26
2015,328,24.12,9.82
2015,329,24.55,8.93
2015,330,26.83,8.15
2015,331,27.38,8.25
2015,332,24.61,9.68
2015,333,26.72,6.78
2015,334,25.67,6.33
2015,335,26.60,5.74
2015,336,28.06,4.46
2015,337,26.94,6.24
2015,338,23.59,8.60
2015,339,21.08,7.50
2015,340,23.38,8.38
2015,341,24.54,7.54
2015,342,22.93,9.07
2015,343,23.27,9.31
2015,344,26.85,6.94
2015,345,25.70,7.53
2015,346,16.37,9.14
2015,347,13.43,2.86
2015,348,20.94,9.75
2015,349,19.63,3.54
2015,350,27.42,6.85
2015,351,28.30,7.00
2015,352,26.63,10.56
2015,353,13.77,-5.41
2015,354,15.13,-0.35
2015,355,16.16,6.06
2015,356,15.90,6.42
2015,357,20.56,6.51
2015,358,23.74,7.82
2015,359,27.89,7.64
2015,360,27.73,6.36
2015,361,27.44,6.48
2015,362,24.26,6.91
2015,363,26.32,5.03
2015,364,25.64,8.08
2015,365,27.01,7.97
2016,1,22.65,9.61
2016,2,25.96,9.67
2016,3,27.29,8.24
2016,4,28.03,8.91
2016,5,21.73,8.96
2016,6,22.05,8.05
2016,7,24.33,5.97
2016,8,24.82,5.69
2016,9,24.44,4.35
2016,10,23.88,6.57
2016,11,24.04,8.14
2016,12,26.72,6.71
2016,13,22.98,7.56
2016,14,21.50,9.14
2016,15,23.56,8.25
2016,16,24.51,6.14
2016,17,24.74,7.38
2016,18,25.95,5.58
2016,19,22.62,6.18
2016,20,22.54,6.59
2016,21,21.66,7.58
2016,22,28.20,5.15
2016,23,25.80,3.36
2016,24,24.83,3.03
2016,25,24.80,2.86
2016,26,26.57,8.48
2016,27,23.62,4.61
2016,28,25.48,5.36
2016,29,22.74,5.89
2016,30,20.99,6.29
2016,31,22.64,7.64
2016,32,27.06,7.68
2016,33,27.25,7.37
2016,34,28.64,8.75
2016,35,28.77,8.91
2016,36,25.53,5.39
2016,37,26.89,3.70
2016,38,23.59,5.01
2016,39,25.33,2.18
2016,40,24.80,2.18
2016,41,20.45,3.21
2016,42,19.99,7.55
2016,43,24.28,2.18
2016,44,26.74,2.20
2016,45,22.09,5.45
2016,46,26.12,3.44
2016,47,27.26,6.18
2016,48,28.57,5.37
2016,49,27.35,3.93
2016,50,25.64,6.02
2016,51,27.55,6.97
2016,52,27.04,7.55
2016,53,29.97,5.97
2016,54,25.72,8.10
2016,55,29.30,8.05
2016,56,27.39,6.99
2016,57,28.11,6.99
2016,58,27.62,6.14
2016,59,24.25,8.54
2016,60,26.33,7.26
2016,61,27.18,8.81
2016,62,26.98,9.80
2016,63,23.06,10.07
2016,64,22.55,9.64
2016,65,22.35,9.00
2016,66,26.12,5.12
2016,67,27.92,8.31
2016,68,24.87,8.59
2016,69,24.96,8.42
2016,70,19.88,8.31
2016,71,22.55,7.66
2016,72,22.87,7.11
2016,73,27.74,5.43
2016,74,28.73,7.23
2016,75,32.27,6.77
2016,76,32.52,8.26
2016,77,31.19,9.64
2016,78,30.77,9.06
2016,79,27.36,9.34
2016,80,28.78,9.08
2016,81,27.41,8.68
2016,82,23.90,9.61
2016,83,24.50,9.66
2016,84,29.27,10.03
2016,85,30.54,11.14
2016,86,31.23,10.43
2016,87,27.03,11.47
2016,88,34.56,11.72
2016,89,31.72,11.43
2016,90,31.27,11.60
2016,91,31.69,11.66
2016,92,30.79,10.94
2016,93,31.77,10.63
2016,94,33.27,10.97
2016,95,32.07,10.98
2016,96,33.32,10.69
2016,97,31.65,8.72
2016,98,33.13,8.70
2016,99,32.97,10.21
2016,100,32.98,10.16
2016,101,32.99,10.13
2016,102,32.05,10.02
2016,103,33.54,10.12
2016,104,34.29,11.46
2016,105,34.89,12.66
2016,106,32.07,11.28
2016,107,31.80,11.36
2016,108,32.16,11.34
2016,109,31.93,11.67
2016,110,30.51,11.39
2016,111,30.68,11.63
2016,112,25.54,11.74
2016,113,25.49,9.87
2016,114,26.07,10.02
2016,115,26.39,10.31
2016,116,26.66,11.23
2016,117,29.31,10.78
2016,118,26.88,11.08
2016,119,31.11,10.12
2016,120,30.65,10.69
2016,121,31.78,10.63
2016,122,31.81,10.49
2016,123,32.56,12.08
2016,124,34.74,12.37
2016,125,32.45,13.50
2016,126,32.27,12.37
2016,127,28.66,11.87
2016,128,31.72,11.45
2016,129,32.31,10.14
2016,130,32.78,12.85
2016,131,31.87,12.79
2016,132,32.04,12.79
2016,133,30.84,12.35
2016,134,30.43,13.06
2016,135,28.04,11.85
2016,136,29.34,11.68
2016,137,26.82,13.95
2016,138,26.67,12.17
2016,139,30.32,11.31
2016,140,30.08,12.50
2016,141,29.83,13.06
2016,142,31.55,13.71
2016,143,29.78,13.84
2016,144,31.29,12.95
2016,145,31.20,12.24
2016,146,31.46,12.29
2016,147,32.91,11.10
2016,148,31.79,11.15
2016,149,30.87,11.44
2016,150,28.28,11.94
2016,151,29.27,11.48
2016,152,30.12,11.84
2016,153,29.28,11.27
2016,154,27.81,12.17
2016,155,26.54,13.53
2016,156,27.15,11.00
2016,157,25.92,11.94
2016,158,24.45,12.23
2016,159,23.89,11.98
2016,160,26.44,9.13
2016,161,26.83,12.15
2016,162,26.76,11.93
2016,163,25.70,13.18
2016,164,24.20,12.00
2016,165,23.70,12.04
2016,166,24.38,11.47
2016,167,24.80,12.31
2016,168,27.41,11.56
2016,169,27.68,12.69
2016,170,27.36,11.47
2016,171,25.74,11.15
2016,172,25.21,11.74
2016,173,24.56,13.85
2016,174,22.84,10.66
2016,175,24.69,10.54
2016,176,26.31,9.72
2016,177,26.23,12.10
2016,178,26.24,13.07
2016,179,26.28,12.09
2016,180,25.36,10.19
2016,181,25.08,11.07
2016,182,25.65,10.76
2016,183,25.45,11.72
2016,184,26.74,11.87
2016,185,26.75,11.32
2016,186,27.75,10.42
2016,187,26.46,12.01
2016,188,25.95,10.97
2016,189,26.88,10.17
2016,190,27.68,11.00
2016,191,27.48,10.36
2016,192,26.40,10.13
2016,193,25.46,11.66
2016,194,25.86,11.65
2016,195,25.16,10.88
2016,196,24.27,11.39
2016,197,25.12,11.26
2016,198,25.80,9.44
2016,199,25.96,9.92
2016,200,26.06,10.10
2016,201,25.45,10.37
2016,202,25.05,11.70
2016,203,24.29,12.06
2016,204,23.95,12.51
2016,205,24.40,11.79
2016,206,24.57,11.75
2016,207,26.85,10.28
2016,208,26.13,10.73
2016,209,26.92,10.78
2016,210,27.08,10.64
2016,211,25.97,10.82
2016,212,27.00,10.79
2016,213,24.76,11.40
2016,214,24.45,10.22
2016,215,24.92,10.97
2016,216,26.44,10.39
2016,217,28.72,8.60
2016,218,27.89,10.82
2016,219,24.71,12.94
2016,220,23.43,13.13
2016,221,25.11,12.33
2016,222,24.28,12.80
2016,223,24.95,13.28
2016,224,25.57,12.09
2016,225,27.46,10.75
2016,226,28.51,9.22
2016,227,27.67,10.25
2016,228,25.89,11.02
2016,229,26.96,11.41
2016,230,24.63,12.96
2016,231,23.95,13.28
2016,232,25.96,12.82
2016,233,25.49,12.35
2016,234,26.45,12.23
2016,235,27.38,11.13
2016,236,25.24,10.61
2016,237,24.37,11.40
2016,238,23.98,10.91
2016,239,26.52,9.08
2016,240,27.65,10.05
2016,241,27.26,9.55
2016,242,25.69,11.68
2016,243,26.68,11.68
2016,244,25.47,10.55
2016,245,27.36,10.14
2016,246,26.90,11.36
2016,247,26.82,12.56
2016,248,22.35,13.32
2016,249,22.90,12.44
2016,250,24.94,11.77
2016,251,25.70,9.96
2016,252,25.25,8.49
2016,253,25.77,7.04
2016,254,27.94,8.20
2016,255,28.72,10.02
2016,256,25.87,11.62
2016,257,27.36,12.09
2016,258,26.56,10.89
2016,259,26.61,10.86
2016,260,25.48,11.64
2016,261,26.03,11.49
2016,262,26.35,11.53
2016,263,27.86,10.86
2016,264,24.88,11.47
2016,265,26.98,8.91
2016,266,24.79,11.11
2016,267,25.36,9.55
2016,268,25.77,9.48
2016,269,24.57,10.89
2016,270,27.17,12.19
2016,271,23.84,13.02
2016,272,24.21,13.29
2016,273,24.41,12.61
2016,274,25.21,12.06
2016,275,26.72,10.21
2016,276,25.95,10.70
2016,277,26.88,9.89
2016,278,26.51,11.73
2016,279,25.90,12.07
2016,280,27.08,10.79
2016,281,27.31,9.89
2016,282,26.55,9.54
2016,283,24.17,10.18
2016,284,23.36,9.97
2016,285,23.89,11.06
2016,286,25.04,11.42
2016,287,26.54,11.29
2016,288,26.82,8.00
2016,289,27.04,9.92
2016,290,27.48,7.49
2016,291,27.31,8.32
2016,292,26.81,9.35
2016,293,28.03,9.70
2016,294,26.39,8.52
2016,295,27.08,8.45
2016,296,24.44,10.47
2016,297,24.63,8.84
2016,298,24.29,10.67
2016,299,26.95,8.93
2016,300,26.49,6.73
2016,301,25.35,6.98
2016,302,22.00,6.16
2016,303,21.74,9.15
2016,304,24.23,7.17
2016,305,25.38,8.24
2016,306,25.62,9.14
2016,307,27.96,7.55
2016,308,28.64,7.87
2016,309,24.13,11.48
2016,310,24.76,9.47
2016,311,24.36,8.64
2016,312,25.42,9.23
2016,313,27.96,8.30
2016,314,25.40,9.30
2016,315,23.45,8.76
2016,316,22.64,9.76
2016,317,26.09,9.52
2016,318,24.46,8.84
2016,319,23.40,9.16
2016,320,26.44,8.70
2016,321,25.85,8.92
2016,322,21.32,10.44
2016,323,23.55,9.52
2016,324,27.21,9.79
2016,325,22.22,9.65
2016,326,21.94,7.81
2016,327,24.94,2.44
2016,328,24.17,3.55
2016,329,26.26,3.08
2016,330,23.84,4.19
2016,331,24.14,4.73
2016,332,21.19,7.19
2016,333,25.97,5.06
2016,334,26.88,6.06
2016,335,25.94,8.50
2016,336,29.30,6.17
2016,337,28.04,7.13
2016,338,27.75,8.72
2016,339,27.62,8.06
2016,340,26.25,7.70
2016,341,26.98,6.86
2016,342,27.76,5.96
2016,343,27.59,7.73
2016,344,27.92,8.48
2016,345,24.26,8.58
2016,346,23.10,9.15
2016,347,24.04,7.99
2016,348,28.20,6.60
2016,349,28.13,5.34
2016,350,27.43,6.48
2016,351,24.54,9.75
2016,352,26.02,8.58
2016,353,26.76,7.36
2016,354,26.70,9.02
2016,355,25.16,10.53
2016,356,22.88,7.43
2016,357,24.12,6.85
2016,358,23.74,7.50
2016,359,24.65,5.62
2016,360,26.15,3.65
2016,361,26.86,5.27
2016,362,27.86,6.65
2016,363,24.18,8.31
2016,364,24.81,8.14
2016,365,25.61,7.21
2017,1,24.08,6.27
2017,2,23.44,8.29
2017,3,27.55,4.70
2017,4,26.71,4.89
2017,5,27.05,5.05
2017,6,27.47,6.05
2017,7,26.91,6.61
2017,8,23.50,6.24
2017,9,21.57,4.83
2017,10,21.81,4.15
2017,11,25.19,2.23
2017,12,26.31,3.48
2017,13,25.49,3.83
2017,14,25.50,2.41
2017,15,23.65,3.92
2017,16,24.97,3.75
2017,17,25.92,4.19
2017,18,24.41,6.44
2017,19,25.75,5.07
2017,20,25.28,5.67
2017,21,22.45,6.15
2017,22,24.93,7.02
2017,23,27.60,3.83
2017,24,27.39,3.01
2017,25,24.79,4.33
2017,26,27.34,5.50
2017,27,29.19,3.73
2017,28,27.05,4.77
2017,29,27.63,6.36
2017,30,20.89,6.44
2017,31,22.21,5.85
2017,32,26.48,4.76
2017,33,26.81,5.72
2017,34,25.98,5.24
2017,35,24.91,6.54
2017,36,23.81,7.51
2017,37,26.55,5.90
2017,38,26.93,6.63
2017,39,28.97,5.67
2017,40,29.34,4.84
2017,41,26.55,4.03
2017,42,25.60,5.62
2017,43,27.12,4.79
2017,44,28.49,4.82
2017,45,26.72,6.63
2017,46,26.15,7.14
2017,47,28.27,7.47
2017,48,25.28,7.94
2017,49,25.11,6.16
2017,50,27.30,5.53
2017,51,26.21,7.72
2017,52,26.63,5.92
2017,53,25.65,5.20
2017,54,27.43,7.19
2017,55,25.93,7.64
2017,56,28.15,6.22
2017,57,28.60,6.76
2017,58,28.56,7.93
2017,59,29.63,6.70
2017,60,30.08,6.35
2017,61,30.39,6.93
2017,62,26.73,9.03
2017,63,24.57,8.71
2017,64,24.91,8.54
2017,65,25.72,7.76
2017,66,27.69,7.16
2017,67,27.66,5.90
2017,68,26.22,8.28
2017,69,27.63,8.03
2017,70,26.62,8.76
2017,71,28.24,8.38
2017,72,27.64,9.70
2017,73,26.64,9.19
2017,74,22.83,9.08
2017,75,25.41,8.00
2017,76,25.64,5.54
2017,77,26.85,5.32
2017,78,28.11,6.24
2017,79,27.07,5.92
2017,80,27.37,6.42
2017,81,29.04,6.04
2017,82,29.01,5.15
2017,83,27.60,6.29
2017,84,29.88,6.27
2017,85,30.34,8.48
2017,86,29.11,8.15
2017,87,30.46,8.71
2017,88,29.51,8.97
2017,89,30.34,9.27
2017,90,30.78,9.02
2017,91,28.19,8.16
2017,92,30.44,7.29
2017,93,28.66,9.06
2017,94,30.69,7.69
2017,95,28.21,10.26
2017,96,33.19,8.69
2017,97,28.99,9.97
2017,98,30.98,9.82
2017,99,29.81,9.31
2017,100,28.83,9.51
2017,101,29.46,8.69
2017,102,28.49,7.69
2017,103,27.72,7.39
2017,104,28.08,7.49
2017,105,27.39,8.15
2017,106,28.53,9.28
2017,107,26.63,8.71
2017,108,26.20,9.38
2017,109,23.99,6.82
2017,110,24.81,6.48
2017,111,25.45,7.13
2017,112,26.31,8.77
2017,113,29.29,9.36
2017,114,25.82,9.30
2017,115,28.93,9.07
2017,116,27.73,9.68
2017,117,28.24,10.02
2017,118,29.56,10.00
2017,119,29.29,11.70
2017,120,29.60,10.96
2017,121,33.45,10.21
2017,122,32.47,9.71
2017,123,30.48,11.90
2017,124,29.38,10.99
2017,125,27.14,11.39
2017,126,26.75,10.15
2017,127,29.73,10.20
2017,128,29.05,11.29
2017,129,30.42,10.72
2017,130,28.95,11.12
2017,131,28.65,11.36
2017,132,29.42,11.11
2017,133,29.11,13.16
2017,134,27.77,11.83
2017,135,27.11,11.78
2017,136,31.19,12.05
2017,137,30.82,13.46
2017,138,31.98,13.19
2017,139,31.48,13.92
2017,140,32.30,13.59
2017,141,31.61,12.52
2017,142,30.37,12.32
2017,143,29.32,12.85
2017,144,30.90,13.21
2017,145,30.37,14.36
2017,146,27.71,13.65
2017,147,30.61,11.42
2017,148,27.67,12.63
2017,149,26.77,12.52
2017,150,25.25,12.37
2017,151,25.68,13.20
2017,152,23.71,12.81
2017,153,25.15,12.46
2017,154,25.16,11.63
2017,155,25.79,12.56
2017,156,28.00,13.25
2017,157,28.09,13.63
2017,158,27.33,12.17
2017,159,26.67,12.68
2017,160,25.09,12.48
2017,161,26.35,13.28
2017,162,25.68,13.66
2017,163,25.68,13.00
2017,164,27.56,12.82
2017,165,23.30,13.15
2017,166,22.94,12.65
2017,167,23.90,12.23
2017,168,27.23,12.07
2017,169,25.81,11.44
2017,170,26.21,11.87
2017,171,25.79,11.18
2017,172,26.04,8.85
2017,173,25.82,9.54
2017,174,26.81,11.23
2017,175,25.94,11.35
2017,176,25.58,12.89
2017,177,25.83,12.85
2017,178,24.39,12.72
2017,179,25.12,12.83
2017,180,25.52,12.34
2017,181,24.61,12.12
2017,182,24.14,11.94
2017,183,25.68,10.50
2017,184,24.09,11.18
2017,185,23.79,9.65
2017,186,24.94,10.93
2017,187,25.02,10.93
2017,188,25.43,11.48
2017,189,22.75,12.71
2017,190,24.42,11.16
2017,191,23.60,11.26
2017,192,24.51,11.83
2017,193,25.11,11.85
2017,194,25.37,12.06
2017,195,25.65,10.59
2017,196,24.63,10.11
2017,197,25.34,10.75
2017,198,25.46,11.13
2017,199,25.01,11.24
2017,200,26.44,11.91
2017,201,25.00,11.24
2017,202,24.53,10.67
2017,203,26.13,10.39
2017,204,26.33,9.55
2017,205,25.43,11.39
2017,206,26.42,12.15
2017,207,25.29,11.75
2017,208,25.66,11.46
2017,209,23.99,11.21
2017,210,27.01,10.23
2017,211,26.78,10.03
2017,212,26.73,10.20
2017,213,26.94,10.36
2017,214,25.93,10.71
2017,215,26.48,11.14
2017,216,25.99,11.72
2017,217,26.33,11.32
2017,218,26.36,12.54
2017,219,26.98,11.35
2017,220,26.96,11.00
2017,221,26.07,10.93
2017,222,24.12,12.44
2017,223,23.60,11.36
2017,224,24.27,10.20
2017,225,24.43,10.27
2017,226,25.23,11.23
2017,227,25.74,10.42
2017,228,25.43,11.58
2017,229,25.46,10.74
2017,230,26.39,10.69
2017,231,25.65,9.50
2017,232,24.92,10.35
2017,233,27.10,9.50
2017,234,25.67,9.94
2017,235,25.80,10.37
2017,236,26.37,11.32
2017,237,24.05,12.22
2017,238,24.67,12.30
2017,239,25.53,12.84
2017,240,24.28,12.41
2017,241,23.04,12.94
2017,242,21.93,12.10
2017,243,23.33,12.36
2017,244,24.08,13.03
2017,245,23.29,13.53
2017,246,22.74,12.62
2017,247,23.15,13.09
2017,248,24.57,12.73
2017,249,25.14,12.85
2017,250,24.84,13.11
2017,251,25.12,13.38
2017,252,22.94,12.75
2017,253,22.97,11.40
2017,254,22.28,10.98
2017,255,23.55,10.52
2017,256,25.85,8.89
2017,257,24.06,10.16
2017,258,25.05,12.27
2017,259,26.87,10.96
2017,260,27.21,11.58
2017,261,26.85,12.52
2017,262,25.31,12.69
2017,263,25.19,11.50
2017,264,25.49,12.46
2017,265,24.52,12.82
2017,266,25.91,12.77
2017,267,25.56,13.10
2017,268,25.17,13.56
2017,269,24.59,13.55
2017,270,25.07,13.36
2017,271,23.19,13.46
2017,272,21.95,13.08
2017,273,22.76,13.01
2017,274,24.01,12.63
2017,275,24.26,12.66
2017,276,23.39,12.24
2017,277,23.07,12.21
2017,278,23.76,11.54
2017,279,24.70,10.65
2017,280,24.40,9.50
2017,281,25.12,8.60
2017,282,25.55,11.65
2017,283,27.06,11.96
2017,284,23.74,11.46
2017,285,22.88,9.67
2017,286,22.22,10.57
2017,287,23.70,9.40
2017,288,24.07,10.79
2017,289,27.33,9.51
2017,290,25.19,11.26
2017,291,24.14,11.08
2017,292,25.26,11.18
2017,293,25.95,11.57
2017,294,26.80,9.83
2017,295,27.35,8.93
2017,296,27.06,9.43
2017,297,22.94,11.35
2017,298,21.38,9.86
2017,299,20.75,9.26
2017,300,25.86,6.08
2017,301,26.33,8.15
2017,302,23.36,9.62
2017,303,23.95,9.56
2017,304,24.91,10.19
2017,305,26.47,9.81
2017,306,26.17,9.03
2017,307,28.09,7.65
2017,308,27.20,7.56
2017,309,26.41,7.16
2017,310,27.18,6.13
2017,311,28.77,4.11
2017,312,27.13,3.71
2017,313,26.78,4.77
2017,314,25.68,5.52
2017,315,23.83,6.33
2017,316,24.99,6.63
2017,317,24.53,6.56
2017,318,21.95,9.19
2017,319,23.78,6.82
2017,320,25.90,5.04
2017,321,26.02,4.54
2017,322,25.55,6.35
2017,323,27.55,3.86
2017,324,23.27,6.05
2017,325,24.78,5.68
2017,326,25.23,4.76
2017,327,22.76,5.44
2017,328,22.18,3.15
2017,329,22.31,4.98
2017,330,24.93,4.37
2017,331,24.90,2.35
2017,332,23.14,3.91
2017,333,24.09,3.32
2017,334,25.25,2.71
2017,335,23.72,0.69
2017,336,22.14,3.23
2017,337,23.28,3.81
2017,338,22.10,7.20
2017,339,26.22,5.59
2017,340,27.36,3.76
2017,341,26.17,5.04
2017,342,25.68,5.98
2017,343,25.03,5.85
2017,344,21.31,2.80
2017,345,18.58,3.43
2017,346,20.78,1.66
2017,347,20.22,2.66
2017,348,22.66,2.00
2017,349,27.03,2.92
2017,350,26.97,3.76
2017,351,25.99,7.04
2017,352,24.23,7.25
2017,353,27.55,4.88
2017,354,25.47,5.65
2017,355,28.40,5.47
2017,356,26.75,5.07
2017,357,26.84,3.63
2017,358,25.83,4.78
2017,359,25.55,5.39
2017,360,23.29,6.64
2017,361,24.99,2.57
2017,362,24.71,3.69
2017,363,23.30,5.53
2017,364,24.56,4.32
2017,365,24.35,5.72
2018,1,24.17,5.49
2018,2,24.62,6.09
2018,3,21.30,5.82
2018,4,23.97,5.69
2018,5,25.50,6.19
2018,6,24.49,4.89
2018,7,23.56,3.14
2018,8,24.44,4.58
2018,9,24.69,3.00
2018,10,25.69,1.96
2018,11,25.69,3.51
2018,12,27.08,3.74
2018,13,23.91,2.43
2018,14,21.10,1.47
2018,15,19.80,0.07
2018,16,21.37,0.62
2018,17,23.37,1.92
2018,18,22.31,4.27
2018,19,20.52,5.10
2018,20,21.77,6.03
2018,21,24.68,4.14
2018,22,27.63,6.42
2018,23,28.60,7.34
2018,24,27.31,7.74
2018,25,24.26,8.27
2018,26,21.93,6.41
2018,27,22.54,6.67
2018,28,25.25,6.64
2018,29,20.79,7.36
2018,30,18.05,5.83
2018,31,17.81,3.95
2018,32,22.75,4.92
2018,33,27.75,5.71
2018,34,27.31,5.94
2018,35,26.28,7.03
2018,36,29.19,5.52
2018,37,27.98,5.65
2018,38,28.47,4.38
2018,39,26.78,6.19
2018,40,23.06,8.08
2018,41,25.08,9.22
2018,42,24.35,7.65
2018,43,25.39,7.62
2018,44,26.05,8.45
2018,45,24.24,8.48
2018,46,24.17,7.47
2018,47,27.19,5.17
2018,48,27.72,5.10
2018,49,27.52,5.46
2018,50,24.18,6.12
2018,51,25.83,8.21
2018,52,25.25,6.50
2018,53,27.64,7.12
2018,54,27.86,7.34
2018,55,27.95,6.31
2018,56,20.37,9.24
2018,57,28.55,8.86
2018,58,28.47,8.42
2018,59,28.17,5.83
2018,60,28.31,7.08
2018,61,30.03,7.73
2018,62,26.85,7.97
2018,63,28.23,7.19
2018,64,28.12,5.53
2018,65,29.67,6.11
2018,66,28.89,5.99
2018,67,26.96,6.97
2018,68,28.00,6.34
2018,69,28.02,7.10
2018,70,29.82,9.45
2018,71,32.37,8.97
2018,72,27.90,10.53
2018,73,29.68,10.42
2018,74,25.95,9.77
2018,75,29.07,9.30
2018,76,30.38,9.09
2018,77,28.68,8.97
2018,78,29.98,8.11
2018,79,31.79,9.28
2018,80,31.73,9.29
2018,81,29.64,8.85
2018,82,27.61,9.09
2018,83,28.97,6.32
2018,84,29.81,7.60
2018,85,30.70,7.86
2018,86,31.33,8.95
2018,87,31.05,9.74
2018,88,30.14,9.08
2018,89,29.41,8.89
2018,90,26.58,10.34
2018,91,25.63,9.45
2018,92,28.97,8.46
2018,93,30.17,8.85
2018,94,29.78,10.29
2018,95,29.28,10.71
2018,96,27.80,11.38
2018,97,27.17,10.17
2018,98,27.87,8.15
2018,99,29.23,9.84
2018,100,28.95,9.87
2018,101,27.44,9.78
2018,102,24.42,10.59
2018,103,27.94,9.84
2018,104,27.80,9.98
2018,105,28.10,10.50
2018,106,25.33,9.91
2018,107,28.57,8.29
2018,108,30.73,7.91
2018,109,30.90,8.41
2018,110,29.03,8.38
2018,111,29.14,10.30
2018,112,29.99,10.45
2018,113,31.49,11.72
2018,114,29.63,11.51
2018,115,29.18,10.76
2018,116,28.34,11.13
2018,117,27.19,11.60
2018,118,28.02,10.76
2018,119,27.00,10.56
2018,120,29.80,11.56
2018,121,26.70,11.16
2018,122,28.98,11.00
2018,123,27.06,10.98
2018,124,29.67,10.98
2018,125,29.09,12.18
2018,126,27.13,12.80
2018,127,25.42,11.12
2018,128,25.81,10.77
2018,129,23.43,11.20
2018,130,24.90,10.51
2018,131,24.70,10.88
2018,132,25.96,10.86
2018,133,28.77,10.71
2018,134,28.45,10.12
2018,135,26.42,11.11
2018,136,29.11,10.06
2018,137,29.32,10.60
2018,138,29.25,11.50
2018,139,29.96,12.47
2018,140,29.97,12.82
2018,141,29.61,11.36
2018,142,26.49,10.85
2018,143,28.20,10.70
2018,144,29.38,10.19
2018,145,29.71,8.63
2018,146,28.69,9.53
2018,147,28.33,9.91
2018,148,30.66,10.05
2018,149,30.14,12.34
2018,150,31.16,11.14
2018,151,32.84,10.37
2018,152,30.87,10.27
2018,153,28.53,11.12
2018,154,26.88,10.30
2018,155,26.00,10.68
2018,156,28.68,10.62
2018,157,29.09,11.66
2018,158,26.60,12.51
2018,159,27.16,12.38
2018,160,26.17,12.64
2018,161,25.38,11.97
2018,162,26.50,11.96
2018,163,25.85,13.42
2018,164,22.92,12.95
2018,165,22.19,12.64
2018,166,23.29,12.73
2018,167,22.50,12.63
2018,168,24.47,12.73
2018,169,23.77,12.98
2018,170,24.99,13.22
2018,171,25.08,12.02
2018,172,25.66,11.94
2018,173,24.39,11.92
2018,174,25.63,11.60
2018,175,24.45,11.47
2018,176,25.08,11.44
2018,177,25.80,12.68
2018,178,24.67,11.00
2018,179,24.80,10.74
2018,180,24.97,9.94
2018,181,25.24,10.67
2018,182,25.02,9.29
2018,183,25.96,10.20
2018,184,25.85,9.28
2018,185,25.56,9.41
2018,186,26.22,8.77
2018,187,24.46,10.01
2018,188,23.58,11.40
2018,189,24.04,11.41
2018,190,24.06,9.25
2018,191,24.11,8.98
2018,192,24.13,9.58
2018,193,23.43,9.98
2018,194,24.95,9.05
2018,195,25.72,10.34
2018,196,25.78,9.51
2018,197,26.07,9.80
2018,198,26.52,10.56
2018,199,26.00,9.92
2018,200,26.65,10.37
2018,201,26.87,9.72
2018,202,27.07,8.68
2018,203,25.91,9.93
2018,204,27.59,10.46
2018,205,29.85,9.46
2018,206,28.91,9.06
2018,207,28.18,9.42
2018,208,27.45,10.21
2018,209,27.88,9.70
2018,210,28.89,10.17
2018,211,27.50,9.85
2018,212,26.57,10.34
2018,213,26.80,11.47
2018,214,24.83,12.19
2018,215,25.11,10.98
2018,216,22.84,11.44
2018,217,25.06,9.98
2018,218,23.51,11.02
2018,219,24.12,10.28
2018,220,25.30,9.79
2018,221,24.40,11.07
2018,222,25.18,11.10
2018,223,26.32,9.98
2018,224,26.21,10.01
2018,225,24.33,11.54
2018,226,24.60,9.98
2018,227,25.34,10.54
2018,228,24.81,10.33
2018,229,25.57,9.88
2018,230,25.66,9.66
2018,231,24.64,10.87
2018,232,25.61,11.65
2018,233,24.93,11.33
2018,234,23.65,12.06
2018,235,24.34,11.25
2018,236,24.59,11.51
2018,237,26.59,9.98
2018,238,26.80,9.65
2018,239,24.67,10.26
2018,240,23.80,11.48
2018,241,25.18,10.66
2018,242,24.62,11.29
2018,243,25.74,11.04
2018,244,25.00,11.48
2018,245,26.67,11.11
2018,246,26.25,11.18
2018,247,27.04,10.77
2018,248,25.28,10.60
2018,249,24.01,11.24
2018,250,24.78,10.69
2018,251,25.89,9.82
2018,252,25.95,9.96
2018,253,26.04,10.55
2018,254,26.37,12.12
2018,255,26.12,13.15
2018,256,25.17,13.38
2018,257,24.09,11.87
2018,258,24.60,11.64
2018,259,25.32,11.37
2018,260,22.65,13.51
2018,261,26.92,11.09
2018,262,26.00,10.23
2018,263,25.75,11.35
2018,264,26.12,11.42
2018,265,25.89,11.32
2018,266,26.04,11.29
2018,267,22.37,12.30
2018,268,25.55,10.96
2018,269,25.39,11.03
2018,270,25.29,10.55
2018,271,24.83,10.87
2018,272,23.48,10.43
2018,273,23.76,10.56
2018,274,25.27,9.67
2018,275,24.79,10.13
2018,276,24.92,11.26
2018,277,24.68,11.24
2018,278,24.59,10.38
2018,279,25.12,10.77
2018,280,26.20,9.82
2018,281,25.30,10.43
2018,282,24.13,12.65
2018,283,24.83,13.05
2018,284,24.47,12.46
2018,285,24.03,11.66
2018,286,24.57,12.35
2018,287,24.49,12.05
2018,288,26.27,12.00
2018,289,25.76,12.79
2018,290,24.79,11.71
2018,291,21.89,12.07
2018,292,22.83,12.75
2018,293,21.33,12.57
2018,294,23.21,13.15
2018,295,22.84,9.73
2018,296,24.89,11.50
2018,297,26.92,9.15
2018,298,26.52,10.15
2018,299,26.99,9.72
2018,300,27.04,10.15
2018,301,24.14,10.40
2018,302,23.80,10.75
2018,303,21.62,10.46
2018,304,25.65,9.22
2018,305,26.88,9.48
2018,306,25.76,10.76
2018,307,24.36,11.36
2018,308,22.08,11.82
2018,309,23.74,10.04
2018,310,25.07,9.98
2018,311,28.15,7.77
2018,312,27.64,7.21
2018,313,27.01,7.16
2018,314,25.98,8.91
2018,315,25.38,9.45
2018,316,25.96,8.77
2018,317,26.78,10.11
2018,318,24.47,8.42
2018,319,19.11,5.08
2018,320,22.10,5.86
2018,321,15.18,-2.93
2018,322,15.74,3.07
2018,323,4.93,-0.42
2018,324,3.87,-0.83
2018,325,4.34,0.26
2018,326,4.37,0.78
2018,327,26.41,8.52
2018,328,27.53,7.65
2018,329,26.41,8.04
2018,330,26.67,8.45
2018,331,24.54,8.82
2018,332,23.74,7.94
2018,333,22.76,8.23
2018,334,22.08,9.90
2018,335,22.77,9.80
2018,336,24.97,9.94
2018,337,26.37,8.57
2018,338,26.93,8.83
2018,339,24.51,8.78
2018,340,24.04,8.75
2018,341,22.31,8.95
2018,342,25.08,6.41
2018,343,26.30,6.46
2018,344,24.98,7.26
2018,345,21.27,5.60
2018,346,21.93,5.44
2018,347,23.84,3.89
2018,348,24.34,6.43
2018,349,25.19,6.93
2018,350,20.30,4.85
2018,351,22.85,5.60
2018,352,25.33,4.18
2018,353,25.45,6.34
2018,354,23.46,5.47
2018,355,22.22,2.70
2018,356,22.72,1.68
2018,357,23.40,1.72
2018,358,25.13,1.55
2018,359,22.42,3.97
2018,360,24.32,5.15
2018,361,24.85,5.31
2018,362,24.49,5.74
2018,363,24.52,6.83
2018,364,27.04,4.39
2018,365,25.25,5.00
2019,1,24.54,6.23
2019,2,24.08,5.43
2019,3,26.71,4.51
2019,4,26.79,5.92
2019,5,27.21,7.36
2019,6,25.86,6.72
2019,7,26.00,6.95
2019,8,27.23,1.81
2019,9,24.88,2.98
2019,10,21.85,6.03
2019,11,22.40,7.07
2019,12,25.52,5.25
2019,13,24.54,7.07
2019,14,22.73,5.38
2019,15,22.71,4.81
2019,16,23.50,4.67
2019,17,24.53,5.89
2019,18,24.34,5.30
2019,19,24.68,5.61
2019,20,26.75,5.64
2019,21,23.41,5.38
2019,22,25.96,2.71
2019,23,26.65,3.75
2019,24,28.71,5.74
2019,25,25.27,7.42
2019,26,25.79,6.98
2019,27,26.17,6.14
2019,28,24.36,4.30
2019,29,25.38,5.13
2019,30,25.28,3.75
2019,31,23.54,4.27
2019,32,26.87,3.80
2019,33,27.31,5.64
2019,34,27.10,5.76
2019,35,28.56,5.35
2019,36,28.72,6.86
2019,37,29.62,6.53
2019,38,30.37,7.30
2019,39,30.00,7.10
2019,40,24.44,7.53
2019,41,24.21,8.47
2019,42,25.52,7.13
2019,43,28.24,6.81
2019,44,27.18,7.17
2019,45,22.50,7.08
2019,46,26.55,8.99
2019,47,28.35,8.34
2019,48,30.56,9.46
2019,49,30.41,9.19
2019,50,32.42,8.53
2019,51,30.87,8.09
2019,52,30.74,7.86
2019,53,28.14,7.53
2019,54,29.53,7.92
2019,55,29.82,9.05
2019,56,28.05,9.43
2019,57,27.11,7.56
2019,58,29.22,7.54
2019,59,29.76,5.99
2019,60,28.32,7.02
2019,61,30.17,8.30
2019,62,29.20,9.06
2019,63,30.02,9.43
2019,64,31.07,10.19
2019,65,29.63,9.24
2019,66,25.85,9.31
2019,67,29.83,10.02
2019,68,31.62,9.94
2019,69,30.99,8.94
2019,70,33.25,8.82
2019,71,31.64,7.38
2019,72,30.90,7.26
2019,73,29.50,9.19
2019,74,30.40,9.47
2019,75,31.05,11.06
2019,76,29.63,10.73
2019,77,30.36,11.13
2019,78,28.41,10.42
2019,79,26.00,8.20
2019,80,29.04,9.48
2019,81,26.90,9.59
2019,82,26.86,8.86
2019,83,28.23,7.78
2019,84,29.82,7.14
2019,85,30.08,6.15
2019,86,27.11,6.17
2019,87,25.79,6.63
2019,88,27.89,6.26
2019,89,30.22,6.25
2019,90,30.85,8.40
2019,91,31.74,10.74
2019,92,29.78,10.28
2019,93,31.21,10.02
2019,94,29.53,10.36
2019,95,29.69,9.38
2019,96,29.52,9.69
2019,97,28.28,9.82
2019,98,29.96,9.48
2019,99,28.25,9.50
2019,100,24.94,9.49
2019,101,29.13,8.49
2019,102,30.31,8.51
2019,103,29.57,6.09
2019,104,28.28,7.51
2019,105,31.26,9.40
2019,106,30.05,9.73
2019,107,31.66,11.53
2019,108,31.71,11.19
2019,109,31.74,10.91
2019,110,23.61,8.91
2019,111,28.98,8.35
2019,112,31.00,9.37
2019,113,32.30,9.24
2019,114,32.21,10.04
2019,115,31.66,9.05
2019,116,32.23,9.70
2019,117,30.75,10.04
2019,118,32.64,9.97
2019,119,31.02,10.63
2019,120,31.34,10.30
2019,121,30.72,10.35
2019,122,31.71,10.86
2019,123,31.53,10.30
2019,124,30.92,10.86
2019,125,30.79,10.49
2019,126,29.80,10.73
2019,127,29.73,11.08
2019,128,31.25,10.62
2019,129,31.43,9.87
2019,130,31.09,9.95
2019,131,30.82,10.45
2019,132,30.02,10.73
2019,133,31.27,10.98
2019,134,31.13,11.17
2019,135,31.86,10.95
2019,136,21.55,10.62
2019,137,22.05,13.19
2019,138,23.15,14.91
2019,139,23.46,14.80
2019,140,28.90,12.16
2019,141,30.03,11.82
2019,142,31.35,11.73
2019,143,29.84,11.99
2019,144,30.27,11.44
2019,145,29.36,11.61
2019,146,29.35,11.28
2019,147,29.96,11.37
2019,148,29.98,10.96
2019,149,29.09,11.51
2019,150,27.91,13.05
2019,151,28.25,12.76
2019,152,26.18,12.62
2019,153,25.70,12.85
2019,154,26.34,13.29
2019,155,23.30,13.96
2019,156,24.39,13.83
2019,157,24.80,13.73
2019,158,27.30,13.50
2019,159,27.85,12.65
2019,160,28.14,11.98
2019,161,28.22,10.97
2019,162,27.24,10.94
2019,163,26.53,10.70
2019,164,28.06,12.14
2019,165,25.02,13.51
2019,166,26.24,12.23
2019,167,26.04,13.00
2019,168,26.50,12.87
2019,169,27.96,12.42
2019,170,28.02,12.05
2019,171,27.36,12.57
2019,172,28.09,11.76
2019,173,28.79,12.19
2019,174,25.70,12.83
2019,175,24.54,12.62
2019,176,25.08,13.20
2019,177,26.64,11.25
2019,178,26.29,12.03
2019,179,25.34,11.37
2019,180,25.09,10.90
2019,181,23.93,11.45
2019,182,25.27,11.01
2019,183,24.59,11.88
2019,184,25.14,10.85
2019,185,25.85,10.18
2019,186,26.64,9.58
2019,187,27.57,8.79
2019,188,24.98,11.23
2019,189,27.12,9.69
2019,190,26.40,11.04
2019,191,25.78,11.30
2019,192,25.81,11.06
2019,193,25.71,11.54
2019,194,25.73,11.42
2019,195,24.89,11.14
2019,196,25.30,11.60
2019,197,26.57,10.87
2019,198,26.15,10.65
2019,199,23.80,10.83
2019,200,24.63,10.49
2019,201,23.16,11.45
2019,202,26.21,10.16
2019,203,26.00,11.08
2019,204,24.73,11.20
2019,205,24.46,11.30
2019,206,24.80,11.47
2019,207,25.21,11.37
2019,208,24.15,11.21
2019,209,25.09,9.93
2019,210,24.99,10.56
2019,211,24.52,10.54
2019,212,25.69,9.65
2019,213,25.34,10.11
2019,214,26.34,9.66
2019,215,26.32,9.88
2019,216,27.07,9.40
2019,217,25.80,12.56
2019,218,25.66,12.15
2019,219,25.33,11.26
2019,220,25.73,9.95
2019,221,25.53,10.00
2019,222,25.25,11.66
2019,223,26.44,11.93
2019,224,25.76,12.33
2019,225,26.36,10.97
2019,226,27.39,10.15
2019,227,28.03,10.12
2019,228,27.46,10.76
2019,229,26.37,10.97
2019,230,26.43,11.26
2019,231,25.32,12.09
2019,232,24.31,9.29
2019,233,25.11,9.51
2019,234,25.06,10.94
2019,235,25.79,12.89
2019,236,26.12,12.35
2019,237,25.73,11.51
2019,238,26.94,12.26
2019,239,27.04,10.23
2019,240,27.25,10.28
2019,241,27.43,8.95
2019,242,25.75,8.04
2019,243,25.54,8.86
2019,244,26.73,8.24
2019,245,26.29,9.49
2019,246,27.23,10.17
2019,247,27.20,10.82
2019,248,25.80,12.15
2019,249,26.93,10.26
2019,250,25.44,10.48
2019,251,25.28,10.43
2019,252,26.16,12.07
2019,253,25.98,11.44
2019,254,25.62,11.67
2019,255,25.36,12.48
2019,256,25.82,12.53
2019,257,25.39,12.33
2019,258,24.68,10.84
2019,259,25.46,11.87
2019,260,25.85,11.12
2019,261,25.46,11.37
2019,262,24.38,11.92
2019,263,24.56,10.66
2019,264,25.53,9.99
2019,265,24.43,10.89
2019,266,27.11,9.51
2019,267,27.28,9.97
2019,268,25.66,12.77
2019,269,25.75,11.90
2019,270,26.36,11.11
2019,271,25.65,11.67
2019,272,23.98,12.52
2019,273,23.78,13.28
2019,274,24.91,11.49
2019,275,25.62,10.74
2019,276,25.12,9.92
2019,277,26.70,10.07
2019,278,25.30,11.00
2019,279,26.32,11.23
2019,280,25.15,11.26
2019,281,24.17,10.25
2019,282,23.44,12.10
2019,283,24.65,11.05
2019,284,26.40,11.78
2019,285,26.76,12.22
2019,286,24.01,10.76
2019,287,24.76,10.12
2019,288,26.68,9.73
2019,289,25.21,10.36
2019,290,21.82,13.22
2019,291,22.82,12.71
2019,292,23.82,12.06
2019,293,26.53,11.45
2019,294,24.99,12.01
2019,295,25.62,11.11
2019,296,24.98,11.43
2019,297,25.81,10.17
2019,298,25.15,10.77
2019,299,24.57,13.03
2019,300,24.60,11.93
2019,301,24.77,10.51
2019,302,25.15,11.98
2019,303,25.09,12.29
2019,304,24.71,13.16
2019,305,24.31,10.92
2019,306,23.66,10.10
2019,307,23.60,10.52
2019,308,22.02,9.60
2019,309,25.20,9.53
2019,310,25.43,9.25
2019,311,24.03,9.26
2019,312,24.80,8.43
2019,313,25.38,9.40
2019,314,25.63,10.37
2019,315,25.50,10.92
2019,316,28.47,10.45
2019,317,24.67,10.50
2019,318,22.70,9.70
2019,319,25.11,9.13
2019,320,22.55,8.82
2019,321,22.64,8.07
2019,322,25.00,6.74
2019,323,25.37,6.80
2019,324,25.02,10.02
2019,325,26.60,9.75
2019,326,27.21,8.93
2019,327,26.03,9.76
2019,328,25.80,7.49
2019,329,25.38,7.50
2019,330,27.88,6.92
2019,331,25.58,9.36
2019,332,28.66,7.40
2019,333,27.07,7.25
2019,334,24.69,10.32
2019,335,27.95,5.75
2019,336,28.43,5.68
2019,337,24.34,7.57
2019,338,25.51,6.79
2019,339,26.86,5.75
2019,340,26.39,4.16
2019,341,26.85,4.28
2019,342,22.28,7.22
2019,343,26.23,5.58
2019,344,27.46,4.36
2019,345,27.33,5.69
2019,346,21.89,8.51
2019,347,25.21,7.86
2019,348,26.91,5.18
2019,349,26.74,4.09
2019,350,26.77,4.80
2019,351,26.20,6.27
2019,352,26.77,6.51
2019,353,19.35,5.42
2019,354,21.53,6.32
2019,355,24.19,5.30
2019,356,23.70,7.47
2019,357,19.82,7.81
2019,358,23.44,6.76
2019,359,25.45,5.62
2019,360,26.68,5.35
2019,361,26.52,5.50
2019,362,25.60,6.02
2019,363,25.77,6.00
2019,364,24.93,6.21
2019,365,26.37,6.60
2020,1,26.68,6.33
2020,2,25.97,8.11
2020,3,25.10,8.81
2020,4,23.84,6.92
2020,5,21.28,5.40
2020,6,21.16,4.39
2020,7,26.35,3.72
2020,8,24.10,3.91
2020,9,21.57,7.62
2020,10,25.17,4.47
2020,11,22.81,7.64
2020,12,27.45,4.99
2020,13,22.73,6.34
2020,14,25.06,6.54
2020,15,25.89,6.06
2020,16,24.34,5.98
2020,17,23.87,6.72
2020,18,24.57,5.93
2020,19,23.87,8.77
2020,20,23.15,8.99
2020,21,22.74,6.79
2020,22,22.41,7.31
2020,23,25.97,3.55
2020,24,23.95,6.60
2020,25,24.02,8.05
2020,26,22.39,6.55
2020,27,25.51,5.09
2020,28,26.70,4.12
2020,29,26.46,3.91
2020,30,27.13,5.27
2020,31,24.60,6.92
2020,32,26.77,8.02
2020,33,23.54,7.89
2020,34,26.84,7.09
2020,35,27.60,7.55
2020,36,24.46,10.31
2020,37,26.03,9.36
2020,38,25.05,8.01
2020,39,27.00,6.87
2020,40,26.67,6.05
2020,41,28.30,6.69
2020,42,30.42,6.89
2020,43,30.26,7.27
2020,44,28.35,7.18
2020,45,26.45,9.29
2020,46,25.45,8.53
2020,47,26.51,7.33
2020,48,27.54,6.65
2020,49,29.08,5.57
2020,50,30.03,5.84
2020,51,27.74,7.15
2020,52,29.28,7.79
2020,53,24.29,8.08
2020,54,25.10,9.25
2020,55,28.60,7.33
2020,56,31.02,7.45
2020,57,28.04,8.30
2020,58,27.18,5.07
2020,59,25.39,5.43
2020,60,23.52,7.04
2020,61,26.83,7.62
2020,62,30.46,7.83
2020,63,31.86,9.06
2020,64,29.75,8.96
2020,65,28.26,10.03
2020,66,28.25,7.80
2020,67,24.73,7.02
2020,68,27.11,6.84
2020,69,27.52,7.10
2020,70,29.80,6.85
2020,71,26.43,8.25
2020,72,29.62,7.64
2020,73,29.32,9.16
2020,74,27.63,10.43
2020,75,31.14,9.35
2020,76,29.67,8.75
2020,77,29.21,8.71
2020,78,29.07,8.31
2020,79,29.00,9.11
2020,80,30.64,9.18
2020,81,17.35,7.24
2020,82,19.79,7.60
2020,83,28.91,7.73
2020,84,27.08,9.21
2020,85,33.15,8.20
2020,86,33.08,7.42
2020,87,33.50,6.94
2020,88,28.18,10.83
2020,89,29.78,9.54
2020,90,25.05,11.72
2020,91,30.82,8.97
2020,92,30.05,9.42
2020,93,28.81,9.65
2020,94,30.35,9.68
2020,95,29.83,9.91
2020,96,29.51,9.92
2020,97,31.27,11.25
2020,98,29.50,10.56
2020,99,31.72,9.98
2020,100,22.81,11.20
2020,101,18.44,11.20
2020,102,24.32,11.16
2020,103,31.09,10.28
2020,104,29.54,11.44
2020,105,30.87,10.39
2020,106,32.09,11.29
2020,107,31.34,12.56
2020,108,30.27,12.31
2020,109,31.46,12.66
2020,110,31.44,12.26
2020,111,30.16,12.38
2020,112,30.81,12.09
2020,113,31.46,11.70
2020,114,30.46,11.58
2020,115,30.77,11.67
2020,116,31.86,12.38
2020,117,30.21,11.90
2020,118,28.38,11.29
2020,119,29.74,10.42
2020,120,28.89,10.40
2020,121,30.77,11.97
2020,122,27.89,10.72
2020,123,28.57,8.95
2020,124,29.83,8.24
2020,125,31.01,9.29
2020,126,30.09,10.73
2020,127,28.89,10.88
2020,128,26.00,11.59
2020,129,25.49,10.73
2020,130,26.86,12.11
2020,131,24.93,11.75
2020,132,27.39,12.23
2020,133,25.33,11.21
2020,134,27.78,11.12
2020,135,29.96,11.53
2020,136,29.60,10.52
2020,137,30.04,10.37
2020,138,30.05,10.97
2020,139,31.08,11.15
2020,140,29.41,10.99
2020,141,30.05,10.71
2020,142,29.63,11.46
2020,143,29.93,11.75
2020,144,28.29,11.44
2020,145,29.96,10.72
2020,146,30.61,10.08
2020,147,29.54,9.88
2020,148,30.84,10.07
2020,149,29.76,10.46
2020,150,28.61,11.09
2020,151,26.30,11.67
2020,152,26.85,9.87
2020,153,27.81,10.26
2020,154,25.85,12.54
2020,155,29.46,12.04
2020,156,26.19,13.19
2020,157,26.29,13.06
2020,158,27.93,12.66
2020,159,27.13,11.81
2020,160,27.75,13.63
2020,161,28.25,12.29
2020,162,28.88,12.21
2020,163,28.49,12.41
2020,164,25.35,12.71
2020,165,24.80,10.78
2020,166,27.11,9.87
2020,167,25.39,10.38
2020,168,28.82,9.94
2020,169,28.57,9.84
2020,170,27.95,11.58
2020,171,27.16,11.38
2020,172,28.87,11.28
2020,173,27.49,12.95
2020,174,27.76,12.83
2020,175,26.27,11.87
2020,176,23.75,12.06
2020,177,23.86,12.43
2020,178,24.34,11.92
2020,179,24.61,11.28
2020,180,27.70,10.24
2020,181,28.02,10.18
2020,182,26.97,12.51
2020,183,26.33,10.80
2020,184,26.05,10.11
2020,185,26.56,10.05
2020,186,25.08,11.14
2020,187,26.68,10.12
2020,188,24.66,12.24
2020,189,25.51,11.72
2020,190,25.11,11.60
2020,191,26.25,12.55
2020,192,26.06,10.65
2020,193,27.51,10.28
2020,194,25.57,12.02
2020,195,26.08,9.92
2020,196,27.32,9.51
2020,197,27.44,10.42
2020,198,26.95,10.75
2020,199,26.22,10.12
2020,200,25.96,10.73
2020,201,26.07,10.10
2020,202,26.50,10.49
2020,203,27.13,10.91
2020,204,26.05,10.52
2020,205,26.40,12.41
2020,206,25.07,12.17
2020,207,26.35,11.73
2020,208,26.21,12.22
2020,209,26.54,11.79
2020,210,26.83,12.00
2020,211,26.00,12.07
2020,212,25.92,11.20
2020,213,25.71,10.95
2020,214,25.05,11.15
2020,215,26.63,11.03
2020,216,26.77,11.23
2020,217,26.88,11.85
2020,218,27.12,11.30
2020,219,27.14,10.83
2020,220,25.57,11.67
2020,221,24.81,12.59
2020,222,23.44,12.89
2020,223,25.45,12.75
2020,224,24.32,11.84
2020,225,24.63,12.78
2020,226,23.99,12.14
2020,227,25.37,10.83
2020,228,26.31,9.91
2020,229,24.96,10.77
2020,230,24.56,10.86
2020,231,24.68,9.56
2020,232,25.71,9.60
2020,233,25.40,11.29
2020,234,24.48,11.87
2020,235,25.41,11.26
2020,236,24.78,10.93
2020,237,25.26,12.43
2020,238,22.90,13.27
2020,239,24.11,11.95
2020,240,24.26,12.58
2020,241,24.31,11.99
2020,242,24.83,12.40
2020,243,25.22,11.79
2020,244,25.91,11.89
2020,245,26.84,10.12
2020,246,26.77,10.08
2020,247,27.98,8.32
2020,248,25.95,10.27
2020,249,23.49,11.81
2020,250,25.35,12.99
2020,251,24.62,11.88
2020,252,25.32,12.07
2020,253,25.61,12.12
2020,254,25.08,12.29
2020,255,24.43,11.94
2020,256,25.08,12.43
2020,257,24.96,11.88
2020,258,25.71,11.22
2020,259,24.78,11.31
2020,260,23.56,13.42
2020,261,22.93,12.74
2020,262,23.16,12.86
2020,263,21.86,12.25
2020,264,23.60,11.31
2020,265,24.98,11.08
2020,266,25.25,11.22
2020,267,26.15,10.43
2020,268,26.15,10.75
2020,269,24.20,12.56
2020,270,24.74,11.72
2020,271,24.64,12.51
2020,272,24.67,11.38
2020,273,25.52,12.08
2020,274,22.50,10.15
2020,275,23.51,8.96
2020,276,24.06,6.28
2020,277,22.22,6.39
2020,278,22.85,8.15
2020,279,23.47,4.70
2020,280,21.92,6.57
2020,281,25.17,4.89
2020,282,24.31,6.04
2020,283,25.91,7.31
2020,284,25.91,10.62
2020,285,26.26,10.79
2020,286,26.14,10.68
2020,287,27.54,10.33
2020,288,24.51,10.23
2020,289,25.36,9.53
2020,290,26.21,9.90
2020,291,24.72,9.59
2020,292,25.05,9.19
2020,293,25.49,8.85
2020,294,25.39,8.72
2020,295,25.52,8.90
2020,296,26.79,6.83
2020,297,26.30,7.46
2020,298,26.08,8.39
2020,299,23.88,8.53
2020,300,27.12,6.12
2020,301,27.40,6.18
2020,302,25.43,8.20
2020,303,27.33,9.91
2020,304,24.98,10.87
2020,305,24.00,9.20
2020,306,26.52,9.11
2020,307,22.16,8.86
2020,308,20.30,8.07
2020,309,21.67,6.00
2020,310,23.72,3.72
2020,311,23.94,6.49
2020,312,22.49,9.37
2020,313,24.91,8.20
2020,314,26.34,7.91
2020,315,28.18,7.63
2020,316,27.81,6.94
2020,317,28.17,7.98
2020,318,26.84,6.95
2020,319,27.29,7.10
2020,320,26.53,7.30
2020,321,26.79,7.89
2020,322,24.79,7.33
2020,323,20.38,9.94
2020,324,20.92,8.80
2020,325,22.82,9.87
2020,326,23.02,10.04
2020,327,21.21,7.40
2020,328,23.78,6.07
2020,329,21.52,9.44
2020,330,26.67,5.46
2020,331,29.32,5.65
2020,332,27.02,5.12
2020,333,28.05,3.42
2020,334,27.36,5.53
2020,335,27.33,6.42
2020,336,21.42,9.34
2020,337,24.21,7.54
2020,338,25.89,6.10
2020,339,27.17,7.33
2020,340,25.80,7.96
2020,341,26.08,9.04
2020,342,25.36,8.52
2020,343,21.18,6.77
2020,344,22.87,6.60
2020,345,24.14,5.92
2020,346,25.72,5.91
2020,347,27.93,5.16
2020,348,25.24,6.35
2020,349,28.05,5.59
2020,350,23.23,7.37
2020,351,25.18,6.62
2020,352,24.90,7.60
2020,353,24.68,6.99
2020,354,24.18,6.83
2020,355,24.94,5.94
2020,356,23.93,6.01
2020,357,22.93,6.51
2020,358,25.59,6.04
2020,359,24.45,6.91
2020,360,26.40,5.82
2020,361,20.51,5.79
2020,362,25.30,3.44
2020,363,23.75,2.52
2020,364,26.07,0.75
2020,365,22.88,2.61
2021,1,21.73,6.33
2021,2,23.65,5.03
2021,3,24.63,4.33
2021,4,26.84,6.05
2021,5,26.87,5.69
2021,6,24.79,6.54
2021,7,24.16,7.43
2021,8,22.79,7.18
2021,9,25.30,8.36
2021,10,24.20,7.70
2021,11,23.12,8.96
2021,12,23.99,6.13
2021,13,23.86,5.22
2021,14,23.63,6.19
2021,15,24.07,7.60
2021,16,25.55,7.94
2021,17,24.96,8.59
2021,18,24.05,5.69
2021,19,23.67,7.63
2021,20,23.70,6.75
2021,21,20.39,9.26
2021,22,26.77,7.01
2021,23,30.03,5.45
2021,24,27.58,4.62
2021,25,27.20,5.34
2021,26,26.57,8.51
2021,27,29.95,6.09
2021,28,27.32,7.07
2021,29,22.94,8.22
2021,30,25.47,7.51
2021,31,28.48,5.90
2021,32,26.21,6.19
2021,33,22.16,6.39
2021,34,24.39,3.89
2021,35,20.33,4.80
2021,36,29.31,4.77
2021,37,29.99,6.35
2021,38,29.10,5.85
2021,39,29.99,4.59
2021,40,28.60,6.11
2021,41,20.43,9.81
2021,42,7.75,-0.76
2021,43,-5.38,-7.51
2021,44,25.42,5.90
2021,45,24.56,4.76
2021,46,25.15,3.01
2021,47,28.44,3.31
2021,48,28.24,3.49
2021,49,30.03,3.34
2021,50,7.18,-4.90
2021,51,9.62,-11.97
2021,52,15.54,-4.24
2021,53,27.74,5.25
2021,54,28.58,6.03
2021,55,25.28,6.96
2021,56,27.98,6.14
2021,57,28.40,5.76
2021,58,30.11,6.89
2021,59,29.11,8.22
2021,60,32.58,8.80
2021,61,32.33,9.24
2021,62,29.30,8.10
2021,63,28.20,9.24
2021,64,29.81,7.46
2021,65,11.48,1.15
2021,66,27.82,6.82
2021,67,26.30,7.85
2021,68,27.47,7.59
2021,69,26.60,7.25
2021,70,29.52,6.20
2021,71,29.94,7.66
2021,72,30.82,6.34
2021,73,29.87,7.34
2021,74,31.57,8.04
2021,75,31.12,8.71
2021,76,30.49,8.52
2021,77,28.80,8.40
2021,78,24.38,8.26
2021,79,25.78,7.58
2021,80,25.19,7.84
2021,81,28.31,8.73
2021,82,29.33,8.57
2021,83,29.50,8.41
2021,84,29.31,8.73
2021,85,24.86,7.14
2021,86,22.98,6.85
2021,87,13.72,6.42
2021,88,9.34,3.34
2021,89,19.14,5.68
2021,90,20.67,8.12
2021,91,8.97,3.97
2021,92,12.70,2.94
2021,93,13.39,4.11
2021,94,16.07,5.31
2021,95,17.48,5.35
2021,96,19.16,8.11
2021,97,22.90,9.99
2021,98,23.48,9.12
2021,99,26.63,9.88
2021,100,29.56,9.75
2021,101,28.94,10.70
2021,102,32.75,9.44
2021,103,32.76,10.29
2021,104,32.37,9.60
2021,105,29.39,10.65
2021,106,27.10,11.60
2021,107,31.09,10.70
2021,108,31.66,10.19
2021,109,27.10,8.86
2021,110,29.58,8.89
2021,111,25.83,9.86
2021,112,28.74,8.28
2021,113,28.64,10.02
2021,114,27.90,9.79
2021,115,23.77,7.05
2021,116,30.85,11.12
2021,117,31.69,10.69
2021,118,29.43,11.75
2021,119,29.09,12.42
2021,120,18.78,10.75
2021,121,26.03,12.43
2021,122,26.19,11.99
2021,123,27.93,10.20
2021,124,28.26,9.76
2021,125,27.99,11.21
2021,126,27.64,11.04
2021,127,26.04,10.53
2021,128,27.47,9.97
2021,129,28.45,10.77
2021,130,28.63,12.49
2021,131,28.27,13.38
2021,132,29.91,12.79
2021,133,29.36,12.18
2021,134,26.38,12.40
2021,135,26.03,11.54
2021,136,26.46,11.82
2021,137,26.36,11.97
2021,138,27.74,11.01
2021,139,28.10,10.41
2021,140,27.95,9.31
2021,141,28.59,9.61
2021,142,27.54,9.51
2021,143,28.56,9.46
2021,144,28.63,11.03
2021,145,28.66,11.33
2021,146,28.63,11.35
2021,147,27.82,11.03
2021,148,29.77,11.12
2021,149,28.92,10.54
2021,150,28.22,11.65
2021,151,28.30,10.78
2021,152,28.46,10.65
2021,153,27.53,11.55
2021,154,27.18,11.45
2021,155,25.03,12.20
2021,156,25.65,12.58
2021,157,25.09,13.11
2021,158,27.24,12.61
2021,159,28.39,10.74
2021,160,27.28,11.34
2021,161,26.42,11.22
2021,162,24.30,11.16
2021,163,23.22,11.88
2021,164,23.97,12.17
2021,165,24.17,12.89
2021,166,23.38,12.80
2021,167,22.98,12.19
2021,168,23.89,12.43
2021,169,22.94,12.30
2021,170,22.96,12.45
2021,171,23.41,11.84
2021,172,24.30,15.56
2021,173,26.86,12.83
2021,174,26.60,12.29
2021,175,24.55,12.11
2021,176,23.27,11.92
2021,177,23.09,10.78
2021,178,20.99,12.43
2021,179,22.33,11.92
2021,180,22.71,12.49
2021,181,24.15,12.23
2021,182,23.53,12.67
2021,183,23.13,12.59
2021,184,23.68,11.87
2021,185,24.41,10.48
2021,186,25.72,10.11
2021,187,26.49,11.13
2021,188,25.19,11.88
2021,189,25.79,11.88
2021,190,25.42,11.87
2021,191,25.68,11.71
2021,192,25.85,10.55
2021,193,25.08,9.83
2021,194,25.00,9.71
2021,195,24.80,10.55
2021,196,24.33,10.47
2021,197,24.70,10.73
2021,198,25.66,8.42
2021,199,25.52,8.93
2021,200,24.67,10.71
2021,201,25.67,10.78
2021,202,26.99,11.19
2021,203,26.53,11.24
2021,204,26.21,10.34
2021,205,24.11,11.99
2021,206,26.29,9.34
2021,207,27.11,10.25
2021,208,26.41,10.34
2021,209,26.31,10.05
2021,210,26.09,11.21
2021,211,25.71,11.60
2021,212,23.31,10.12
2021,213,25.20,11.10
2021,214,25.96,10.85
2021,215,26.54,11.58
2021,216,24.34,12.16
2021,217,23.75,12.41
2021,218,25.68,11.80
2021,219,25.60,11.12
2021,220,25.14,10.60
2021,221,24.37,9.95
2021,222,26.49,12.28
2021,223,24.18,9.58
2021,224,26.10,8.92
2021,225,24.87,10.35
2021,226,25.29,11.06
2021,227,25.36,11.07
2021,228,25.93,10.88
2021,229,25.70,11.85
2021,230,25.50,10.95
2021,231,26.45,11.30
2021,232,27.06,10.05
2021,233,24.87,10.51
2021,234,22.28,13.13
2021,235,23.46,11.43
2021,236,23.27,11.34
2021,237,23.42,11.98
2021,238,23.30,10.78
2021,239,23.47,10.91
2021,240,21.63,10.97
2021,241,23.92,12.00
2021,242,24.44,12.71
2021,243,24.95,11.89
2021,244,23.80,12.76
2021,245,23.86,13.02
2021,246,23.74,12.22
2021,247,23.77,11.18
2021,248,25.58,12.42
2021,249,25.23,12.76
2021,250,24.35,11.79
2021,251,24.38,11.18
2021,252,24.15,11.87
2021,253,24.22,11.68
2021,254,23.54,10.76
2021,255,23.39,11.32
2021,256,22.87,12.47
2021,257,23.66,11.42
2021,258,25.75,11.42
2021,259,25.45,12.22
2021,260,25.57,13.04
2021,261,25.50,12.73
2021,262,23.96,12.28
2021,263,24.95,11.44
2021,264,26.15,10.39
2021,265,26.77,9.54
2021,266,23.61,10.71
2021,267,23.55,9.68
2021,268,24.86,10.71
2021,269,24.55,10.81
2021,270,25.20,10.91
2021,271,26.15,11.55
2021,272,24.51,11.85
2021,273,25.42,11.48
2021,274,24.73,11.56
2021,275,21.52,10.99
2021,276,26.36,9.74
2021,277,25.06,11.06
2021,278,25.23,10.60
2021,279,25.22,11.10
2021,280,24.55,11.42
2021,281,24.84,10.54
2021,282,23.85,11.60
2021,283,25.62,10.96
2021,284,27.38,10.51
2021,285,27.32,9.98
2021,286,28.35,9.33
2021,287,28.43,10.01
2021,288,27.44,8.74
2021,289,28.14,8.80
2021,290,24.25,9.94
2021,291,23.60,9.83
2021,292,24.86,9.76
2021,293,25.93,9.14
2021,294,25.37,10.07
2021,295,23.08,12.25
2021,296,23.30,11.50
2021,297,23.67,11.31
2021,298,25.72,10.69
2021,299,25.98,11.37
2021,300,26.56,11.61
2021,301,27.80,10.57
2021,302,27.06,11.04
2021,303,24.23,9.92
2021,304,25.16,8.90
2021,305,26.29,5.98
2021,306,25.11,5.64
2021,307,24.93,5.34
2021,308,25.75,4.82
2021,309,24.46,7.34
2021,310,23.56,6.48
2021,311,22.73,7.17
2021,312,24.23,5.04
2021,313,25.85,4.08
2021,314,24.78,4.36
2021,315,25.56,3.63
2021,316,24.23,4.47
2021,317,23.60,4.24
2021,318,22.16,5.29
2021,319,21.84,6.02
2021,320,23.31,3.78
2021,321,24.16,4.04
2021,322,25.80,4.27
2021,323,25.98,5.29
2021,324,22.54,8.64
2021,325,22.56,7.52
2021,326,25.80,6.52
2021,327,24.31,8.08
2021,328,23.18,7.79
2021,329,24.59,4.96
2021,330,24.04,5.99
2021,331,23.04,8.17
2021,332,25.04,4.76
2021,333,25.42,5.58
2021,334,23.00,6.85
2021,335,26.95,5.31
2021,336,27.02,4.44
2021,337,18.10,6.45
2021,338,18.10,8.15
2021,339,18.29,9.49
2021,340,19.09,8.05
2021,341,8.44,3.35
2021,342,28.18,5.40
2021,343,27.89,4.90
2021,344,26.77,4.58
2021,345,27.53,5.80
2021,346,25.89,6.46
2021,347,25.39,5.16
2021,348,24.49,6.54
2021,349,24.09,7.13
2021,350,22.41,7.22
2021,351,26.47,5.24
2021,352,24.25,5.85
2021,353,26.24,7.10
2021,354,26.27,8.29
2021,355,24.57,8.23
2021,356,21.55,6.87
2021,357,23.71,5.25
2021,358,24.22,5.57
2021,359,28.02,1.92
2021,360,26.29,3.70
2021,361,26.96,2.33
2021,362,26.37,4.93
2021,363,25.37,5.07
2021,364,26.42,3.75
2021,365,25.79,3.41
2022,1,25.29,4.41
2022,2,25.75,6.77
2022,3,27.82,6.05
2022,4,22.86,8.13
2022,5,25.64,5.90
2022,6,27.08,7.43
2022,7,26.56,6.50
2022,8,24.08,7.87
2022,9,24.56,7.77
2022,10,25.31,6.92
2022,11,23.43,7.23
2022,12,21.53,7.72
2022,13,24.90,5.31
2022,14,23.33,6.79
2022,15,25.03,6.32
2022,16,25.67,7.00
2022,17,21.98,7.00
2022,18,23.62,7.04
2022,19,24.85,5.90
2022,20,24.76,6.11
2022,21,25.52,7.43
2022,22,22.35,8.16
2022,23,24.22,7.10
2022,24,25.69,6.77
2022,25,26.41,8.42
2022,26,22.05,7.53
2022,27,25.43,7.99
2022,28,25.48,8.21
2022,29,27.38,8.25
2022,30,24.73,8.05
2022,31,26.48,6.33
2022,32,23.26,6.45
2022,33,25.47,6.79
2022,34,25.95,6.74
2022,35,26.88,8.73
2022,36,25.24,7.78
2022,37,24.55,7.75
2022,38,26.72,7.80
2022,39,25.26,7.93
2022,40,21.40,7.72
2022,41,24.76,6.44
2022,42,23.95,5.27
2022,43,23.30,5.33
2022,44,24.56,7.51
2022,45,23.05,7.94
2022,46,22.33,6.47
2022,47,26.04,8.39
2022,48,27.38,6.63
2022,49,28.60,7.81
2022,50,30.12,8.55
2022,51,28.07,8.44
2022,52,25.53,8.15
2022,53,28.46,8.37
2022,54,29.46,7.30
2022,55,28.48,6.73
2022,56,27.93,7.05
2022,57,27.61,9.36
2022,58,27.89,9.13
2022,59,28.66,8.50
2022,60,26.72,7.79
2022,61,27.49,6.34
2022,62,26.08,8.14
2022,63,26.42,7.13
2022,64,27.73,7.45
2022,65,29.11,7.80
2022,66,29.08,9.03
2022,67,28.97,10.15
2022,68,28.93,8.17
2022,69,28.46,8.11
2022,70,27.32,7.26
2022,71,29.73,8.93
2022,72,26.91,8.58
2022,73,26.61,8.05
2022,74,30.05,9.77
2022,75,28.00,9.47
2022,76,27.20,8.15
2022,77,27.45,8.63
2022,78,29.38,9.85
2022,79,27.60,10.99
2022,80,29.20,10.70
2022,81,30.32,10.38
2022,82,28.70,9.92
2022,83,28.54,9.61
2022,84,26.07,7.74
2022,85,27.54,7.47
2022,86,28.97,6.96
2022,87,27.69,6.84
2022,88,29.00,8.44
2022,89,30.17,9.02
2022,90,30.81,10.06
2022,91,30.34,9.16
2022,92,31.38,9.99
2022,93,30.93,9.75
2022,94,28.66,10.66
2022,95,30.36,9.62
2022,96,29.81,11.29
2022,97,31.54,9.89
2022,98,29.24,11.03
2022,99,26.90,11.85
2022,100,27.93,10.86
2022,101,28.18,10.32
2022,102,29.70,12.17
2022,103,29.86,12.02
2022,104,30.45,12.30
2022,105,30.95,12.71
2022,106,29.62,12.28
2022,107,32.12,10.43
2022,108,33.28,9.72
2022,109,31.84,10.32
2022,110,29.10,10.07
2022,111,29.28,10.52
2022,112,29.25,9.94
2022,113,26.20,9.13
2022,114,27.70,9.06
2022,115,29.48,10.33
2022,116,27.83,11.11
2022,117,25.57,9.67
2022,118,27.41,9.45
2022,119,27.72,11.35
2022,120,28.06,11.44
2022,121,29.87,11.62
2022,122,29.59,11.83
2022,123,29.93,11.24
2022,124,29.83,10.70
2022,125,31.60,10.52
2022,126,31.19,10.72
2022,127,31.32,10.96
2022,128,31.00,12.39
2022,129,30.93,11.33
2022,130,32.06,11.20
2022,131,30.27,10.22
2022,132,28.05,10.76
2022,133,27.72,10.37
2022,134,30.04,8.81
2022,135,29.74,9.21
2022,136,29.02,8.55
2022,137,29.87,8.18
2022,138,29.25,9.48
2022,139,29.51,11.64
2022,140,30.28,10.50
2022,141,30.32,11.91
2022,142,30.91,12.02
2022,143,29.71,11.95
2022,144,29.19,11.68
2022,145,28.45,10.63
2022,146,29.27,11.99
2022,147,28.04,11.37
2022,148,26.57,12.10
2022,149,25.71,11.48
2022,150,26.36,11.70
2022,151,27.83,13.68
2022,152,25.02,12.91
2022,153,23.77,11.82
2022,154,23.94,11.13
2022,155,25.99,11.17
2022,156,28.17,12.56
2022,157,27.14,12.67
2022,158,25.21,11.86
2022,159,27.85,12.40
2022,160,25.99,13.40
2022,161,23.29,13.43
2022,162,25.71,11.03
2022,163,27.08,11.10
2022,164,25.05,11.68
2022,165,24.19,12.34
2022,166,23.56,12.51
2022,167,23.49,12.26
2022,168,22.55,11.87
2022,169,23.40,11.02
2022,170,23.45,12.51
2022,171,22.08,9.99
2022,172,25.68,12.05
2022,173,23.31,13.19
2022,174,21.51,10.88
2022,175,23.58,10.44
2022,176,25.27,10.42
2022,177,25.15,10.61
2022,178,24.94,11.46
2022,179,23.44,12.01
2022,180,24.15,11.62
2022,181,24.32,11.36
2022,182,26.30,12.79
2022,183,27.05,11.80
2022,184,24.80,11.66
2022,185,26.05,13.12
2022,186,24.04,12.57
2022,187,23.25,11.52
2022,188,24.80,11.79
2022,189,25.29,12.09
2022,190,25.69,11.80
2022,191,26.54,11.54
2022,192,25.00,11.91
2022,193,26.42,11.14
2022,194,25.74,12.29
2022,195,24.76,11.84
2022,196,25.89,12.59
2022,197,24.70,11.87
2022,198,23.57,10.66
2022,199,24.49,10.72
2022,200,24.57,12.22
2022,201,26.55,11.04
2022,202,27.45,12.38
2022,203,28.10,11.90
2022,204,25.93,11.11
2022,205,25.30,10.32
2022,206,22.54,11.31
2022,207,24.13,11.45
2022,208,24.27,12.03
2022,209,24.05,11.30
2022,210,23.28,11.72
2022,211,22.31,10.66
2022,212,25.39,10.71
2022,213,26.41,12.58
2022,214,25.38,12.10
2022,215,25.41,10.80
2022,216,25.96,10.70
2022,217,25.68,9.75
2022,218,25.21,10.36
2022,219,24.95,10.54
2022,220,24.74,11.32
2022,221,23.44,12.07
2022,222,23.07,10.82
2022,223,23.98,11.38
2022,224,26.37,11.88
2022,225,25.60,12.08
2022,226,24.18,12.11
2022,227,24.18,12.48
2022,228,24.68,12.30
2022,229,23.99,11.45
2022,230,24.56,11.20
2022,231,25.60,11.26
2022,232,24.75,11.37
2022,233,24.38,12.38
2022,234,24.71,11.64
2022,235,25.13,11.08
2022,236,25.30,10.39
2022,237,25.63,10.89
2022,238,25.71,10.56
2022,239,24.95,11.79
2022,240,24.79,13.09
2022,241,25.67,12.00
2022,242,25.06,11.90
2022,243,24.35,11.11
2022,244,25.20,11.29
2022,245,26.09,11.94
2022,246,25.03,12.95
2022,247,24.09,12.43
2022,248,23.19,13.23
2022,249,24.74,13.54
2022,250,23.56,13.17
2022,251,24.00,12.80
2022,252,23.46,12.51
2022,253,25.02,11.77
2022,254,25.26,11.30
2022,255,24.28,12.20
2022,256,23.78,11.84
2022,257,24.16,12.43
2022,258,23.38,12.58
2022,259,24.44,12.47
2022,260,24.17,12.30
2022,261,22.87,12.46
2022,262,23.55,12.57
2022,263,23.91,12.09
2022,264,22.76,11.58
2022,265,24.59,10.51
2022,266,24.24,10.12
2022,267,24.23,10.31
2022,268,24.97,12.12
2022,269,24.29,12.36
2022,270,24.21,11.93
2022,271,22.45,11.12
2022,272,21.57,10.68
2022,273,22.70,10.25
2022,274,22.80,9.15
2022,275,22.70,10.31
2022,276,24.07,10.18
2022,277,24.60,11.56
2022,278,25.33,10.09
2022,279,25.28,10.51
2022,280,23.09,10.56
2022,281,22.70,11.06
2022,282,22.77,10.06
2022,283,23.64,10.80
2022,284,22.28,9.95
2022,285,25.29,12.88
2022,286,25.07,9.88
2022,287,24.52,10.75
2022,288,23.70,10.60
2022,289,26.16,10.59
2022,290,26.70,14.49
2022,291,24.20,13.62
2022,292,21.20,10.53
2022,293,20.87,11.56
2022,294,18.67,9.10
2022,295,19.89,5.85
2022,296,25.20,11.63
2022,297,25.67,11.29
2022,298,26.19,11.83
2022,299,27.92,13.43
2022,300,26.41,12.92
2022,301,27.47,11.17
2022,302,27.08,10.04
2022,303,22.94,11.26
2022,304,26.32,8.72
2022,305,23.44,10.30
2022,306,24.59,9.63
2022,307,24.76,10.49
2022,308,25.18,10.12
2022,309,25.04,10.46
2022,310,24.43,10.74
2022,311,24.16,9.58
2022,312,24.85,8.88
2022,313,24.16,9.02
2022,314,25.03,7.06
2022,315,25.99,7.82
2022,316,24.67,8.48
2022,317,23.85,9.78
2022,318,21.50,9.24
2022,319,24.30,8.87
2022,320,28.01,7.69
2022,321,24.88,10.24
2022,322,23.22,9.78
2022,323,20.26,8.22
2022,324,20.03,8.70
2022,325,16.59,8.93
2022,326,23.06,12.33
2022,327,24.23,9.69
2022,328,26.75,8.51
2022,329,24.68,8.86
2022,330,28.42,9.86
2022,331,25.48,9.87
2022,332,24.67,9.82
2022,333,25.14,10.65
2022,334,24.16,9.12
2022,335,25.21,8.92
2022,336,23.12,9.08
2022,337,23.84,8.69
2022,338,23.35,6.77
2022,339,23.24,8.13
2022,340,25.05,6.27
2022,341,26.37,4.30
2022,342,25.31,3.35
2022,343,24.04,4.88
2022,344,23.23,5.91
2022,345,24.45,5.74
2022,346,24.83,6.27
2022,347,24.26,6.32
2022,348,24.39,5.34
2022,349,25.12,4.33
2022,350,24.91,7.00
2022,351,25.95,5.67
2022,352,25.27,6.36
2022,353,24.69,6.48
2022,354,23.40,6.52
2022,355,26.22,6.40
2022,356,22.07,6.24
2022,357,26.05,7.88
2022,358,24.14,8.41
2022,359,22.63,9.79
2022,360,19.72,8.06
2022,361,20.94,6.54
2022,362,21.66,4.95
2022,363,24.51,5.53
2022,364,23.58,7.08
2022,365,21.62,9.12
2023,1,24.03,7.55
2023,2,24.96,7.02
2023,3,25.03,7.69
2023,4,25.23,6.95
2023,5,26.16,6.43
2023,6,25.00,5.95
2023,7,22.83,6.40
2023,8,23.78,7.35
2023,9,25.83,4.71
2023,10,23.89,4.96
2023,11,24.56,5.51
2023,12,24.00,6.01
2023,13,25.79,6.43
2023,14,22.18,4.77
2023,15,23.86,4.06
2023,16,24.37,2.89
2023,17,25.78,5.39
2023,18,26.74,5.35
2023,19,26.24,6.51
2023,20,28.25,4.79
2023,21,27.88,5.43
2023,22,27.00,5.73
2023,23,26.79,6.20
2023,24,25.66,6.22
2023,25,26.95,5.76
2023,26,26.58,6.25
2023,27,24.89,6.97
2023,28,24.25,5.70
2023,29,25.30,6.40
2023,30,28.36,6.65
2023,31,28.68,5.67
2023,32,28.29,6.37
2023,33,27.33,6.55
2023,34,28.87,7.28
2023,35,23.06,7.54
2023,36,23.98,5.41
2023,37,24.57,5.85
2023,38,26.31,5.46
2023,39,27.36,5.28
2023,40,27.21,7.49
2023,41,26.98,8.08
2023,42,27.82,8.84
2023,43,17.80,6.43
2023,44,26.14,7.75
2023,45,27.98,7.07
2023,46,27.78,7.09
2023,47,27.84,8.33
2023,48,30.87,7.73
2023,49,27.92,7.65
2023,50,25.07,8.29
2023,51,27.25,7.89
2023,52,29.43,6.10
2023,53,26.34,8.25
2023,54,27.09,7.54
2023,55,28.67,6.27
2023,56,27.89,7.04
2023,57,28.15,7.47
2023,58,29.40,8.46
2023,59,30.62,6.89
2023,60,31.56,7.62
2023,61,28.87,7.87
2023,62,30.73,10.13
2023,63,30.64,9.46
2023,64,29.26,10.64
2023,65,30.68,9.37
2023,66,29.16,8.58
2023,67,29.87,7.41
2023,68,29.87,8.66
2023,69,29.67,9.34
2023,70,29.39,10.09
2023,71,29.29,9.26
2023,72,27.74,8.89
2023,73,27.53,8.51
2023,74,26.94,8.96
2023,75,25.72,8.29
2023,76,26.48,7.68
2023,77,27.39,9.31
2023,78,27.80,8.90
2023,79,25.34,7.30
2023,80,25.70,9.56
2023,81,28.07,8.73
2023,82,29.97,8.28
2023,83,30.25,9.34
2023,84,30.80,10.77
2023,85,30.47,10.04
2023,86,30.63,9.93
2023,87,29.41,10.50
2023,88,29.06,11.64
2023,89,28.97,9.91
2023,90,28.92,11.20
2023,91,27.51,10.68
2023,92,30.13,10.64
2023,93,32.37,10.46
2023,94,32.15,10.76
2023,95,31.30,11.01
2023,96,33.35,11.15
2023,97,30.28,12.38
2023,98,27.92,10.92
2023,99,29.23,11.77
2023,100,27.06,11.34
2023,101,26.27,11.02
2023,102,25.26,10.12
2023,103,17.89,4.29
2023,104,19.42,7.37
2023,105,24.73,10.24
2023,106,17.48,7.75
2023,107,17.45,1.63
2023,108,16.57,6.34
2023,109,18.44,10.55
2023,110,19.14,12.07
2023,111,21.99,11.37
2023,112,19.42,9.72
2023,113,18.58,8.53
2023,114,12.45,5.23
2023,115,16.70,6.17
2023,116,20.17,9.00
2023,117,19.21,10.17
2023,118,20.42,8.58
2023,119,16.93,3.84
2023,120,21.00,1.19
2023,121,21.06,5.42
2023,122,18.82,9.18
2023,123,19.27,10.78
2023,124,19.52,11.86
2023,125,21.47,13.13
2023,126,21.76,13.68
2023,127,23.43,14.08
2023,128,21.38,13.38
2023,129,21.06,9.24
2023,130,22.12,11.95
2023,131,22.48,13.97
2023,132,21.98,14.83
2023,133,15.59,8.97
2023,134,19.79,8.56
2023,135,18.17,9.28
2023,136,20.09,9.76
2023,137,20.49,10.17
2023,138,21.20,9.15
2023,139,22.04,11.19
2023,140,19.59,11.52
2023,141,19.84,11.64
2023,142,21.47,10.43
2023,143,22.82,10.72
2023,144,22.13,11.05
2023,145,22.09,10.53
2023,146,21.53,10.80
2023,147,20.94,11.20
2023,148,19.21,10.30
2023,149,21.46,10.63
2023,150,21.14,9.87
2023,151,23.14,11.92
2023,152,28.39,12.76
2023,153,29.78,13.02
2023,154,28.79,14.21
2023,155,30.13,14.41
2023,156,29.92,13.27
2023,157,29.07,12.08
2023,158,28.26,12.30
2023,159,26.15,12.65
2023,160,28.13,12.59
2023,161,30.55,12.16
2023,162,31.88,13.24
2023,163,32.21,13.07
2023,164,30.85,13.16
2023,165,31.50,13.17
2023,166,32.51,13.25
2023,167,31.54,12.74
2023,168,31.73,13.66
2023,169,31.53,13.18
2023,170,31.23,11.88
2023,171,31.89,12.04
2023,172,31.71,12.36
2023,173,31.79,12.46
2023,174,30.72,12.31
2023,175,29.71,11.91
2023,176,27.35,12.43
2023,177,26.06,13.52
2023,178,25.47,11.61
2023,179,27.21,10.93
2023,180,25.91,12.33
2023,181,24.73,14.04
2023,182,25.34,13.15
2023,183,26.41,13.36
2023,184,27.07,12.61
2023,185,27.98,12.92
2023,186,27.93,14.06
2023,187,26.64,14.18
2023,188,26.46,13.04
2023,189,27.34,13.57
2023,190,26.90,13.14
2023,191,26.63,12.49
2023,192,25.89,12.15
2023,193,27.97,11.95
2023,194,27.77,11.63
2023,195,27.41,11.59
2023,196,27.48,10.90
2023,197,27.89,11.53
2023,198,26.13,11.14
2023,199,25.67,11.59
2023,200,27.35,11.37
2023,201,25.94,11.49
2023,202,27.49,11.64
2023,203,26.98,12.08
2023,204,25.95,12.53
2023,205,24.68,12.44
2023,206,24.46,12.63
2023,207,25.09,11.23
2023,208,22.31,11.44
2023,209,24.83,11.45
2023,210,25.29,11.71
2023,211,24.57,12.15
2023,212,24.57,12.90
2023,213,25.47,13.13
2023,214,26.88,12.76
2023,215,26.61,12.55
2023,216,24.83,13.05
2023,217,25.35,12.61
2023,218,26.55,12.77
2023,219,27.30,12.82
2023,220,28.34,12.45
2023,221,28.71,11.29
2023,222,28.65,11.35
2023,223,28.95,12.90
2023,224,28.03,11.00
2023,225,27.21,11.43
2023,226,27.41,11.81
2023,227,24.38,12.23
2023,228,27.61,13.18
2023,229,24.02,11.79
2023,230,25.85,12.34
2023,231,26.39,11.99
2023,232,25.48,11.59
2023,233,25.31,12.08
2023,234,26.56,12.21
2023,235,26.32,12.04
2023,236,25.24,12.79
2023,237,24.80,11.04
2023,238,25.92,10.10
2023,239,24.18,13.26
2023,240,24.54,14.34
2023,241,24.42,13.51
2023,242,26.64,11.69
2023,243,27.14,11.26
2023,244,25.37,13.00
2023,245,26.52,12.04
2023,246,27.43,11.27
2023,247,26.53,11.62
2023,248,27.19,10.58
2023,249,27.08,12.65
2023,250,25.42,12.68
2023,251,26.67,12.37
2023,252,26.58,11.34
2023,253,25.60,11.08
2023,254,24.92,11.56
2023,255,26.29,10.06
2023,256,27.10,10.21
2023,257,27.96,11.63
2023,258,27.25,12.41
2023,259,26.00,12.74
2023,260,27.50,12.30
2023,261,27.48,11.71
2023,262,26.51,11.52
2023,263,27.49,11.70
2023,264,27.90,10.62
2023,265,27.72,10.27
2023,266,27.41,13.07
2023,267,28.92,10.42
2023,268,29.08,8.47
2023,269,27.15,9.00
2023,270,27.02,10.23
2023,271,27.12,11.22
2023,272,28.34,10.91
2023,273,27.90,11.09
2023,274,28.06,11.66
2023,275,27.84,12.76
2023,276,26.62,12.56
2023,277,27.37,11.58
2023,278,27.25,11.55
2023,279,27.74,13.22
2023,280,28.38,13.38
2023,281,25.14,12.46
2023,282,26.62,13.34
2023,283,24.25,13.01
2023,284,25.34,13.43
2023,285,26.13,13.23
2023,286,27.23,10.85
2023,287,27.87,11.56
2023,288,25.06,13.21
2023,289,23.49,11.73
2023,290,21.84,10.73
2023,291,24.65,9.59
2023,292,25.59,8.49
2023,293,27.04,9.81
2023,294,26.05,10.51
2023,295,27.87,9.85
2023,296,27.37,10.58
2023,297,27.24,10.44
2023,298,25.65,11.54
2023,299,26.02,12.24
2023,300,25.63,12.33
2023,301,26.01,11.26
2023,302,26.48,10.30
2023,303,27.63,10.68
2023,304,27.92,11.26
2023,305,26.50,11.24
2023,306,23.26,10.32
2023,307,23.63,10.60
2023,308,25.75,8.95
2023,309,25.81,8.56
2023,310,24.74,9.90
2023,311,27.95,9.63
2023,312,29.11,11.79
2023,313,29.43,12.32
2023,314,29.48,12.16
2023,315,27.57,11.31
2023,316,28.42,11.97
2023,317,27.05,11.44
2023,318,25.59,12.48
2023,319,25.39,10.03
2023,320,26.37,7.57
2023,321,25.77,9.63
2023,322,27.95,7.19
2023,323,28.56,7.01
2023,324,28.89,8.31
2023,325,29.30,10.10
2023,326,27.92,10.30
2023,327,21.71,11.01
2023,328,24.43,9.26
2023,329,25.35,9.01
2023,330,27.19,9.36
2023,331,28.53,9.69
2023,332,24.37,11.38
2023,333,25.56,10.16
2023,334,24.37,10.24
2023,335,25.94,10.35
2023,336,26.87,10.37
2023,337,26.37,11.08
2023,338,24.80,11.05
2023,339,23.85,9.82
2023,340,24.70,10.69
2023,341,20.49,11.13
2023,342,22.49,9.25
2023,343,26.55,8.52
2023,344,26.20,9.73
2023,345,24.45,8.35
2023,346,21.11,7.63
2023,347,23.88,7.51
2023,348,22.65,9.57
2023,349,23.93,9.27
2023,350,23.60,10.71
2023,351,23.39,9.15
2023,352,23.33,5.35
2023,353,25.19,0.73
2023,354,23.39,3.25
2023,355,24.55,4.15
2023,356,25.00,2.57
2023,357,23.17,6.50
2023,358,23.94,6.49
2023,359,24.68,7.26
2023,360,25.14,7.86
2023,361,22.26,9.38
2023,362,19.86,4.34
2023,363,23.82,5.72
2023,364,22.79,6.76
2023,365,22.83,5.01
2024,1,23.17,4.96
2024,2,24.47,5.16
2024,3,24.91,6.24
2024,4,26.52,5.89
2024,5,25.91,5.74
2024,6,25.16,6.19
2024,7,26.54,5.60
2024,8,24.41,6.21
2024,9,26.88,6.89
2024,10,27.28,8.38
2024,11,23.34,5.83
2024,12,26.88,7.39
2024,13,30.01,7.96
2024,14,27.85,9.26
2024,15,26.73,6.90
2024,16,26.78,8.65
2024,17,28.77,8.02
2024,18,25.89,9.52
2024,19,29.93,9.30
2024,20,27.88,8.62
2024,21,23.31,10.05
2024,22,24.81,9.61
2024,23,24.47,8.57
2024,24,26.87,7.04
2024,25,29.19,6.79
2024,26,29.70,6.06
2024,27,28.96,7.00
2024,28,29.64,7.46
2024,29,24.77,6.82
2024,30,23.24,7.79
2024,31,23.93,6.66
2024,32,28.01,7.65
2024,33,24.44,8.42
2024,34,26.60,7.90
2024,35,24.69,6.42
2024,36,28.51,4.82
2024,37,27.23,4.40
2024,38,27.76,3.57
2024,39,25.76,6.64
2024,40,30.67,7.24
2024,41,29.97,6.69
2024,42,29.80,6.19
2024,43,30.59,6.49
2024,44,29.76,8.25
2024,45,26.96,8.34
2024,46,27.34,7.26
2024,47,29.47,9.00
2024,48,28.24,9.22
2024,49,21.02,8.39
2024,50,18.81,4.47
2024,51,27.87,5.32
2024,52,26.15,3.69
2024,53,28.77,6.36
2024,54,30.45,6.34
2024,55,33.10,6.72
2024,56,30.33,6.63
2024,57,32.36,6.66
2024,58,30.49,5.81
2024,59,30.89,8.06
2024,60,32.28,7.46
2024,61,31.35,7.58
2024,62,30.38,9.24
2024,63,29.78,9.89
2024,64,30.15,9.19
2024,65,29.50,8.63
2024,66,30.91,8.97
2024,67,28.78,9.30
2024,68,30.49,10.26
2024,69,32.90,8.56
2024,70,33.52,10.44
2024,71,32.02,9.32
2024,72,29.64,10.41
2024,73,31.72,9.91
2024,74,30.10,9.39
2024,75,32.35,10.61
2024,76,32.68,10.91
2024,77,32.73,10.85
2024,78,31.81,11.22
2024,79,32.78,11.22
2024,80,30.12,11.75
2024,81,31.07,11.72
2024,82,30.98,11.32
2024,83,32.10,11.03
2024,84,30.97,10.07
2024,85,29.79,8.81
2024,86,28.35,8.82
2024,87,28.74,8.42
2024,88,17.64,1.65
2024,89,17.33,4.33
2024,90,17.08,7.50
2024,91,19.09,8.86
2024,92,22.91,11.85
2024,93,28.49,12.41
2024,94,30.90,10.97
2024,95,30.56,10.70
2024,96,26.97,8.69
2024,97,28.08,9.88
2024,98,29.70,12.25
2024,99,32.76,12.27
2024,100,29.21,12.04
2024,101,30.39,11.98
2024,102,30.86,11.34
2024,103,26.36,7.93
2024,104,30.48,9.23
2024,105,31.05,10.96
2024,106,32.88,11.68
2024,107,33.79,11.91
2024,108,34.45,11.69
2024,109,32.91,11.58
2024,110,33.94,13.16
2024,111,33.16,13.41
2024,112,30.10,12.77
2024,113,29.70,12.94
2024,114,28.51,12.83
2024,115,30.80,11.19
2024,116,30.32,11.63
2024,117,31.16,11.14
2024,118,28.46,11.14
2024,119,30.45,11.55
2024,120,30.71,13.21
2024,121,31.04,10.62
2024,122,22.04,13.79
2024,123,30.96,13.21
2024,124,30.23,12.75
2024,125,33.53,12.09
2024,126,34.31,12.04
2024,127,33.32,12.69
2024,128,33.45,12.86
2024,129,33.26,13.48
2024,130,33.24,12.43
2024,131,32.96,14.01
2024,132,35.24,13.01
2024,133,32.62,13.09
2024,134,32.83,13.68
2024,135,31.66,12.73
2024,136,33.11,13.80
2024,137,32.29,13.42
2024,138,30.39,13.92
2024,139,32.47,14.01
2024,140,29.67,14.21
2024,141,31.17,12.74
2024,142,33.08,12.18
2024,143,32.49,13.53
2024,144,31.63,13.60
2024,145,31.81,14.61
2024,146,32.89,16.02
2024,147,32.22,15.13
2024,148,33.10,14.31
2024,149,33.56,13.48
2024,150,33.92,13.57
2024,151,32.27,13.37
2024,152,30.84,12.47
2024,153,32.62,13.40
2024,154,32.40,12.92
2024,155,33.81,12.81
2024,156,33.20,13.51
2024,157,31.62,13.29
2024,158,32.97,13.10
2024,159,32.95,13.38
2024,160,31.27,13.09
2024,161,30.50,13.63
2024,162,28.96,14.02
2024,163,30.08,12.79
2024,164,29.32,12.06
2024,165,28.52,13.03
2024,166,28.25,12.71
2024,167,27.60,12.71
2024,168,26.32,13.36
2024,169,29.31,13.48
2024,170,28.99,13.02
2024,171,28.19,12.70
2024,172,27.60,13.78
2024,173,22.98,13.64
2024,174,23.30,13.09
2024,175,25.03,13.38
2024,176,25.00,14.11
2024,177,24.05,13.99
2024,178,24.17,13.86
2024,179,26.84,13.78
2024,180,25.80,13.64
2024,181,25.73,13.80
2024,182,26.81,13.83
2024,183,24.01,13.28
2024,184,23.42,13.25
2024,185,25.03,13.02
2024,186,25.31,12.56
2024,187,26.08,11.03
2024,188,27.76,11.19
2024,189,26.34,12.10
2024,190,27.47,11.96
2024,191,26.84,12.64
2024,192,24.33,13.52
2024,193,24.38,12.96
2024,194,25.13,13.07
2024,195,25.33,13.22
2024,196,23.66,13.08
2024,197,25.33,12.72
2024,198,26.52,11.09
2024,199,27.81,12.57
2024,200,26.74,12.86
2024,201,27.32,13.73
2024,202,24.74,11.91
2024,203,24.98,12.96
2024,204,24.98,13.58
2024,205,24.97,13.33
2024,206,24.59,13.35
2024,207,26.63,12.31
2024,208,27.03,12.91
2024,209,27.62,13.72
2024,210,25.50,12.63
2024,211,25.15,12.52
2024,212,24.03,12.99
2024,213,25.23,11.99
2024,214,25.39,12.05
2024,215,25.14,12.39
2024,216,24.44,13.14
2024,217,25.37,10.43
2024,218,27.59,10.65
2024,219,26.51,11.94
2024,220,26.55,13.05
2024,221,27.49,11.88
2024,222,26.61,12.61
2024,223,25.50,12.89
2024,224,25.39,13.16
2024,225,25.62,14.32
2024,226,25.27,12.40
2024,227,24.97,12.11
2024,228,25.47,13.09
2024,229,25.50,13.38
2024,230,25.79,13.74
2024,231,25.63,12.29
2024,232,26.67,11.98
2024,233,25.63,12.82
2024,234,25.23,12.15
2024,235,27.00,11.90
2024,236,25.88,12.70
2024,237,24.72,11.41
2024,238,25.72,11.26
2024,239,26.60,10.85
2024,240,26.46,11.93
2024,241,24.85,12.66
2024,242,27.53,12.72
2024,243,26.41,13.33
2024,244,26.57,13.24
2024,245,25.53,13.28
2024,246,26.08,13.67
2024,247,25.45,12.93
2024,248,27.25,12.93
2024,249,27.13,13.34
2024,250,26.34,13.03
2024,251,26.45,13.82
2024,252,22.10,12.67
2024,253,24.09,12.90
2024,254,24.91,12.95
2024,255,25.83,14.50
2024,256,27.19,14.23
2024,257,25.57,13.81
2024,258,27.49,13.22
2024,259,27.23,13.88
2024,260,27.65,14.15
2024,261,27.45,13.49
2024,262,27.05,13.46
2024,263,27.54,12.77
2024,264,26.88,12.61
2024,265,27.65,11.81
2024,266,26.07,11.45
2024,267,25.59,12.52
2024,268,24.54,12.75
2024,269,22.75,13.35
2024,270,22.90,12.30
2024,271,22.26,12.44
2024,272,23.02,13.28
2024,273,22.18,12.65
2024,274,23.30,12.59
2024,275,23.80,12.29
2024,276,23.05,11.57
2024,277,21.91,11.89
2024,278,23.41,10.85
2024,279,23.19,12.82
2024,280,24.43,12.61
2024,281,24.43,12.81
2024,282,23.45,12.98
2024,283,24.29,12.13
2024,284,23.28,8.08
2024,285,24.28,7.32
2024,286,23.31,6.50
2024,287,23.41,7.80
2024,288,24.13,8.81
2024,289,25.04,10.14
2024,290,25.72,9.42
2024,291,26.86,9.44
2024,292,24.86,9.64
2024,293,26.04,10.32
2024,294,24.19,10.96
2024,295,23.78,10.92
2024,296,20.98,12.27
2024,297,23.88,10.68
2024,298,25.32,9.96
2024,299,24.75,9.12
2024,300,25.41,8.70
2024,301,23.96,10.17
2024,302,21.34,9.43
2024,303,23.45,10.17
2024,304,25.02,9.71
2024,305,27.60,9.47
2024,306,27.03,10.27
2024,307,23.94,9.69
2024,308,25.17,10.55
2024,309,25.64,10.29
2024,310,26.94,11.85
2024,311,27.19,11.26
2024,312,26.51,11.27
2024,313,26.72,8.61
2024,314,28.07,7.62
2024,315,27.59,7.11
2024,316,26.85,7.05
2024,317,26.26,6.70
2024,318,26.13,7.24
2024,319,26.21,7.24
2024,320,23.62,7.80
2024,321,24.66,8.64
2024,322,26.24,8.30
2024,323,22.51,11.10
2024,324,20.07,6.22
2024,325,15.39,1.90
2024,326,15.12,-2.99
2024,327,22.54,9.09
2024,328,22.22,6.43
2024,329,24.94,2.93
2024,330,23.21,6.21
2024,331,27.03,0.62
2024,332,24.23,6.48
2024,333,27.72,3.46
2024,334,29.19,3.11
2024,335,24.84,5.25
2024,336,15.46,3.70
2024,337,26.38,3.75
2024,338,25.27,4.92
2024,339,23.92,7.38
2024,340,22.87,7.44
2024,341,27.87,5.05
2024,342,25.55,5.88
2024,343,24.79,7.93
2024,344,26.31,6.76
2024,345,27.87,6.62
2024,346,30.11,6.53
2024,347,25.06,8.77
2024,348,27.15,7.45
2024,349,26.12,7.30
2024,350,26.34,6.40
2024,351,23.29,7.01
2024,352,25.15,3.43
2024,353,23.63,5.35
2024,354,22.42,7.90
2024,355,22.85,7.18
2024,356,21.21,7.96
2024,357,23.46,6.77
2024,358,18.26,7.06
2024,359,23.00,5.79
2024,360,20.90,5.60
2024,361,21.81,6.69
2024,362,23.61,5.12
2024,363,25.43,4.53
2024,364,25.63,4.40
2024,365,25.07,5.16
